a                   b                   
1.5791201293095976  -0.9932930893310133 
1.962138831953279   -0.8052452253597931 
1.539830640732239   -0.9161875005126243 
1.5413561938734242  -0.9461757724471896 
1.56522760884084    -0.9842608425884584 
1.6144011046929316  -1.179916735226843  
1.5676521525748603  -1.0219446089365005 
1.6116561896794013  -1.197791153150559  
1.5901726843476696  -1.0857731113792914 
1.546431198811139   -0.9395563555595282 
1.5977172348865571  -1.1678632424045015 
1.5813559254072167  -0.9738329485721448 
1.5685803389332797  -0.9997020696087868 
1.5681382695568875  -0.9649971881467106 
1.5915771732300277  -1.0434422235502891 
1.6062424465383294  -1.14720183233965   
1.5532818364574104  -0.9759562344169205 
1.6365956878411985  -1.1442629740143906 
1.184803248940968   -1.197791153150559  
1.5951805895020679  -1.1836186034713976 
1.6090546731498028  -1.0284009563609897 
1.5741404138722883  -0.9829243725374717 
1.5601574635263487  -0.9326954932622211 
1.6162480769335497  -1.0639762861416349 
1.6108147056915871  -1.173306184273023  
1.599130218532046   -1.1912974909355654 
1.5888350970441243  -1.197791153150559  
1.554474173048861   -0.9744372862967614 
1.5395158941265132  -0.9578815399565537 
1.621359399702792   -1.0971929956002244 
1.6101896082607199  -1.1042278612542284 
1.5381416333283338  -0.9301886199649627 
1.5323169491938875  -0.9254721653304513 
1.565377405871359   -0.9903982083061803 
1.5785664453384944  -0.9582556911019855 
1.5654250229786493  -0.9865120141632688 
1.5672147291223875  -1.0143707402712816 
1.57313775470288    -1.0341218832525494 
1.5766592518120723  -1.021810986727822  
1.56499938579131    -0.9687723347754524 
1.577014230218043   -1.0072256577427237 
1.6142580458032338  -1.197791153150559  
1.6206651380794825  -1.197791153150559  
1.5976324589444726  -1.197791153150559  
1.0924769762145463  -1.1536279127943778 
1.529653606547206   -0.8920472927658719 
1.5351531368661164  -0.9192851093219655 
1.614290169272669   -1.1501542400150806 
1.6164439657804837  -1.169932663509941  
1.5897759754408698  -1.0224783256644545 
1.6085320401690664  -1.1951962449583222 
1.5594002832379004  -0.9783736673758707 
1.5375051167267257  -0.9334638381200843 
1.6133136894950841  -1.14376569198269   
1.618653277812691   -1.179223283736703  
1.5789189637307053  -1.197791153150559  
1.610997978556068   -1.042974060089483  
1.5592716508102722  -0.9573565170669422 
1.1044428764765317  -1.156021470275773  
1.5267970073212784  -0.8762002409462221 
1.6169889621111027  -1.1067067377224002 
1.6125396935137044  -1.197791153150559  
1.5878528107876044  -0.9893107877270444 
1.5598783809651706  -0.9688821869582747 
1.560363941829345   -0.9515386782155725 
1.5758200622748768  -0.9992285647617691 
1.5306531298562414  -0.8973506258750958 
1.6094271308849002  -1.197791153150559  
1.611563268107846   -1.178903886525815  
1.5818465457071094  -1.0331474599093804 
1.5744557934856378  -1.0068623802944074 
1.569010213539985   -0.9791299347265149 
1.5491859770042258  -0.9714209220515594 
1.6078079522085338  -1.1708438387198878 
1.567646491599253   -0.9831403194402825 
1.588475851486753   -1.0152073782735433 
1.6201146588561033  -1.1933133323307175 
1.5615149088726887  -0.9408695086366968 
1.606692692082947   -1.1904386098734299 
1.5914676870592     -1.078519256507329  
1.5538310232528865  -0.9585386709195176 
1.6182028958943544  -1.152372796368778  
1.555884098340045   -0.9712467389656317 
1.571483957046815   -1.0105642666983996 
1.5666669827386017  -0.9974524328498829 
1.61371085144983    -1.174745583405417  
1.5309866311956943  -0.9245175743477394 
1.5991769492685555  -1.197791153150559  
1.6090011878489998  -1.19023277505528   
1.5890363162502474  -1.197130347412562  
1.6928574284537388  -1.1862445915539126 
1.15111872215507    -1.0777894832421586 
1.0205844942958024  -1.197791153150559  
1.5595802333090523  -0.9673663843539125 
1.6164560602711857  -1.1936834845576072 
1.6140438945316493  -1.197791153150559  
1.5835451007384245  -1.0191374228584096 
1.6108755372237005  -1.1932179263704774 
1.611691002630012   -1.1830369855219576 
1.5748749099286514  -1.0060453650305252 
1.557466549892524   -0.9533324998872237 
1.5481274584151228  -0.9152448912237408 
1.5391841477139414  -0.9362828916680441 
1.5617921243875295  -0.9630806406612348 
1.6141545266063004  -1.1623727682607432 
1.539466270622789   -0.9426641295407276 
1.5892912815924949  -1.0090708078498312 
1.5747572398651883  -0.9859351569554043 
1.617857837256966   -1.1623150585027995 
1.5941474463868692  -1.197791153150559  
1.5851922136934193  -1.0034506794764102 
1.5874128938626895  -1.1765864993867725 
1.5687768547670364  -1.003816008628579  
1.5675251652471758  -0.9449021992534203 
1.6058280822418647  -1.197791153150559  
1.6147958882187277  -1.1899730442231513 
1.5613219949787878  -1.001381942232526  
1.077499430683291   -1.1862445915539126 
1.571774608814102   -1.0282235713502563 
1.538768367808405   -0.9205942030675242 
1.6582139536860052  -1.138888848521726  
1.5585087071800992  -0.9932186164641673 
1.5879607470394357  -1.0523747398722725 
1.603849171232318   -1.197791153150559  
1.5249674329351661  -0.9541601703064182 
1.5678393127890051  -0.9448396235234787 
1.6068995220618405  -1.1700804892680676 
1.602662090746326   -1.1729291223263645 
1.5803294101534353  -0.9987717337775299 
1.5651180812874859  -0.979485743356646  
1.6018201121761428  -1.0585973206580586 
1.567977911227783   -0.9762919379783837 
1.6117084682356275  -1.1285106357810832 
1.5657961524322868  -1.011616745014021  
1.6283033916557899  -1.1476308959224466 
1.5980854517543848  -1.197791153150559  
1.5947960317593688  -1.1858147910297339 
1.5644877585451424  -0.9198719629874996 
1.5657671220378666  -0.9715765623310715 
1.561982935558361   -0.9779166711668985 
1.5831702295272683  -1.0038135374362758 
1.5631924341034105  -0.9363210146919057 
1.5465293422319575  -0.9506853131857579 
1.613675669412267   -1.1792954949129375 
1.5410703096818719  -0.9047865737852732 
1.6958618859330779  -1.1813541118024677 
1.6092189457787376  -1.0848269577295542 
1.601050240772849   -1.1877607854749144 
1.6052488303405839  -1.1449335677063046 
1.6134254784034143  -1.136891927646505  
1.5642815720714567  -0.9716032917212993 
1.5274528707549326  -0.9095132349670318 
1.5804661729063434  -0.9934571835831565 
1.561684699460701   -0.9861030286224451 
1.6120762611815784  -1.133133386445336  
1.5763839765451328  -1.0153268228371224 
1.5797228835325519  -0.9644548434318182 
1.5769736121801563  -1.0119363866442546 
1.6210956618921482  -1.143859091500242  
1.6062846286950179  -1.197791153150559  
1.559912517767073   -0.9836270222121897 
1.5635761064727214  -0.9869837268732279 
1.618798453176832   -1.197791153150559  
1.58648095572425    -1.1044277236833324 
1.5547462383831048  -0.947277211326759  
1.5953908646173325  -1.1311827578863105 
1.535956825055414   -0.9343803290090595 
1.5435504286627215  -0.9519159506956628 
1.5967547797512873  -1.197791153150559  
1.6083681536431274  -1.1829674176581486 
1.544703629025485   -0.8978818264214148 
1.5601083716556612  -0.9462123208995762 
1.623157103972556   -1.197791153150559  
1.613837225340769   -1.173984240788324  
1.5751282480966153  -0.9508248099604206 
1.6276732874783018  -1.16179727402584   
1.5605668071194998  -0.9320812198290652 
1.5695397880663196  -0.9543100086721948 
1.580123884566369   -1.0176603790205727 
1.521666248423569   -0.8992919196256689 
1.6033711185318074  -1.1779184493611936 
1.5509494288325103  -0.953545840385326  
1.5736174079713183  -0.9795103247098871 
1.619217525671411   -1.0710368388085107 
1.6312950827291743  -1.194291071764449  
1.6098923954879503  -1.1717049331933949 
1.6293854547536386  -1.1787448864056493 
1.5546557376274002  -0.9311239886405335 
1.5723405972020676  -0.9808334782107164 
1.6185542111842646  -1.197791153150559  
1.6233935744164012  -1.1698629313670919 
1.618211208013493   -1.197791153150559  
1.61400642350483    -1.068309828012022  
1.560741818686941   -0.9991471900458038 
1.554390773322848   -0.9359593194763803 
1.592166160951322   -1.0616273946093042 
1.5218487289795253  -0.8865301402887105 
1.5901196816237844  -1.197791153150559  
1.5694273433158048  -0.9971771162201583 
1.6105528644704108  -1.1137563053164146 
1.545420993279568   -0.9232796689489148 
1.56064815992468    -0.9918459260450684 
1.9507143064099162  -0.883022739158683  
1.5778370940625648  -1.0338323930920974 
1.5714399080279073  -0.980791710424542  
1.589811482458328   -1.0177266438835824 
1.5785750507472662  -0.9510708487486534 
1.5483543391026027  -0.943491546176193  
1.570260116951124   -0.9765269605053237 
1.552895773520625   -0.9504491974913275 
1.6191572067299058  -1.197791153150559  
1.5667798508177164  -0.9627890645731887 
1.636192187895231   -1.096885941399691  
1.1003688210538827  -1.1686431403506758 
1.5343345710601966  -0.9261019397894611 
1.690882602974868   -1.1862445915539126 
1.6078093285010322  -1.174138829399955  
1.5779954887283947  -0.9964530254708611 
1.6018007346881693  -1.197791153150559  
1.5223243869482315  -0.9166869165748278 
1.5405730300799054  -0.945685276038189  
1.4917960726702277  -0.8895093112869776 
1.6075766023522708  -1.1612560592121395 
1.553345529805176   -0.9708353161495222 
1.5898956067772525  -1.1890070671324282 
1.5655883608329129  -1.0012127978207792 
1.6165634092589165  -1.157331210201816  
1.5757284080867617  -1.0205460023434243 
1.6143427045038639  -1.159790745469279  
1.5488370685878887  -0.8922097975047738 
1.5876487300557647  -1.197791153150559  
1.6223259008435464  -1.197791153150559  
1.5475797926101276  -0.9559411346100009 
1.0464504127199978  -0.8337483163521116 
1.5507177412957878  -0.9211278742878826 
1.5708042347251785  -0.9750002011427392 
1.614119048791493   -1.1460582871439693 
1.5838473004658584  -1.0176934877941222 
1.5778805022674587  -1.0194184468403016 
1.5739624145839592  -1.0094362524987313 
1.5403785136482973  -0.935169759922798  
1.5945610040281024  -1.0521108847029046 
1.5599081183340544  -0.97262505344153   
1.5350973542528987  -0.9335496338672458 
1.6293806888372562  -1.1076340710442487 
1.615864674307501   -1.197791153150559  
1.564542999935901   -0.9716776305371251 
1.6211629448925187  -1.197791153150559  
1.558292074503218   -0.9995676014866784 
1.5892321797930544  -1.197791153150559  
1.620706803207155   -1.1680869241517788 
1.543223829485291   -0.9030257252472963 
1.559462630262296   -0.9734155846103825 
1.5759287200452847  -1.0053286839753182 
1.0205844942958024  -1.197791153150559  
1.5554011496914308  -0.9541398573775979 
1.5706581943810363  -0.9570526055119292 
1.589766883265816   -1.0869498703489129 
1.5606783107303457  -0.9716744628240155 
1.1462364606887407  -1.0610504911628913 
1.590029269884582   -1.0396878713294833 
1.6135565169745263  -1.197791153150559  
1.5919065490200692  -1.197791153150559  
1.0868473651798478  -1.1862445915539126 
1.5756229011513165  -1.021457246665484  
1.6101014361669508  -1.1940419935316484 
1.5574486899282698  -0.9530529753517226 
1.5818612268379766  -0.987732742917271  
1.5685378281761335  -0.9805164538200393 
1.5608825187134776  -0.9860594032199625 
1.0267984440617364  -0.9186263808954225 
1.5690231869276845  -0.973393938673345  
1.9507143064099162  -1.0149676420347467 
1.623728834634613   -1.197791153150559  
1.5691608386544018  -0.9923698118587765 
1.590156172238229   -1.0884292642965638 
1.5602217559281748  -0.9684920090421145 
1.5630647474934254  -0.9981304526072541 
1.556272054714988   -0.9545004670223317 
1.5699519632842747  -0.9983474720187978 
1.607603248101613   -1.1566845026175394 
1.5533959038644662  -0.96449664181554   
1.5426755490672517  -0.9140415030846272 
1.6821308793036749  -1.1735403179429125 
1.6159530657077128  -1.144384678304412  
1.5775794839635808  -0.9735216235377435 
1.9507143064099162  -0.8927205094147823 
1.5658925337640368  -0.9678622139952798 
1.5690044589461152  -1.00889509723822   
1.5776143114115357  -0.987349883811915  
1.610101895029453   -1.197791153150559  
1.5986161850872627  -1.197791153150559  
1.5499499719816936  -0.9614951432248651 
1.6155735277780567  -1.197791153150559  
1.5614993177142864  -0.9699657970873512 
1.5664425435322868  -0.9898687626303081 
1.567633088475966   -0.9595645659501147 
1.622382980158495   -1.1119400102505628 
1.5739622790868815  -0.9367975441632741 
1.6104374917056052  -1.197791153150559  
1.5838043462752673  -1.182171207413877  
1.5615093480943756  -0.9828165581222418 
1.5601883966402144  -0.9289704573266705 
1.573518481876771   -0.9727930394864472 
1.6094166330200184  -1.1703784657120002 
1.5591050749986108  -0.9817470489514027 
1.5630891901951158  -0.9798986979521103 
1.5904391714444044  -0.9895545079216975 
1.5992948224550594  -1.1816822346688853 
1.5525568865572406  -0.9941070730202084 
1.559063835184561   -0.9598724070266054 
1.5555030199643531  -0.9775316124594323 
1.620038584861064   -1.194845975035144  
1.5658382090927447  -0.979523994238188  
1.5623882362923391  -1.0105046091904144 
1.562445478642794   -0.9445965801316941 
1.542355178873097   -0.918359649592558  
1.6069116561785362  -1.1526501984731155 
1.5400201167014598  -0.9552905213903936 
1.5799652650331089  -1.0043774613896337 
1.597832786463032   -1.0664528621910083 
1.5656914798937631  -0.9858046279987659 
1.5589933454418654  -0.9670389249011618 
1.6050740612644763  -1.197791153150559  
1.6359260320042373  -1.090006369164823  
1.5670935558963877  -0.9743240317448617 
1.557603182045093   -0.9243865701623287 
1.5597380445607354  -0.9548424324829088 
1.570483277476149   -0.9623884664092909 
1.6219370696610762  -1.177721665162086  
1.5908048384757867  -1.0343649572191516 
1.5443941308636493  -0.9791253915050333 
1.541884825384792   -0.9228076812276274 
1.5736236849132943  -0.9585608970931283 
1.5525444349019522  -0.9510559383413527 
1.6258588414788566  -1.192327390169475  
1.5762420957048886  -0.9605981703799685 
1.5707754290723943  -0.9986209487153139 
1.5845030037803791  -1.1715530943241366 
1.5476363948378524  -0.9395630448261149 
1.5372742503360366  -0.9321680604777807 
1.6124112703896385  -1.1271408872873248 
1.6135479560498744  -1.197791153150559  
1.6619680378590442  -1.1819090844357847 
1.6145598667700145  -1.197791153150559  
1.5943826351561878  -1.00115925586639   
1.615871228726843   -1.1432050352000056 
1.6386694003440998  -1.1577064177026182 
1.6016368640237442  -1.197791153150559  
1.5817828453994964  -0.9893509797694774 
1.5968424497028137  -1.0376017008921965 
1.5473880693068036  -0.9348669372352586 
1.6106041727815443  -1.197791153150559  
1.5731661640879409  -0.9935449456750237 
1.575839995292527   -1.0000321735145723 
1.5557311553790976  -0.9323759122736669 
1.6092691619054218  -1.1965307225846362 
1.6025505783398353  -1.197791153150559  
1.553755173346127   -0.9655664779644145 
1.5928873343303975  -1.0590111203605623 
1.5568749912020796  -0.9590218393011692 
1.6151831752035504  -1.1873768628603072 
1.618888210432978   -1.197791153150559  
1.5800838112058304  -0.9916759814910742 
1.5490387800479772  -0.9627409852425308 
1.6289154124303786  -1.197791153150559  
1.615524613167584   -1.1661402819822133 
1.5690938819267362  -0.9532821261569894 
1.5971626547434061  -1.0998200679305945 
1.6013729794967433  -1.1619251820696261 
1.5750235442975653  -0.9369293259518052 
1.6075473422148536  -1.197791153150559  
1.6191692926082246  -1.197791153150559  
1.578755665739571   -1.036918721477157  
1.5993578351097317  -1.1317559309873337 
1.5768991941027568  -1.0179134981688198 
1.5369133286592058  -0.9109789330203629 
1.5565856337748492  -0.9650781492657523 
1.562693320284958   -0.9561477880218485 
1.5450117481061236  -0.9445976681299757 
1.5937352938186926  -0.9984277450415664 
1.5500217712269255  -0.9737548211142318 
1.569858422424962   -0.9397085498285215 
1.5946259839455608  -1.1804187695433446 
1.5534224838354667  -0.9733126927956784 
1.5710801086106612  -0.9755040123406331 
1.5826103877485176  -0.9746207103231359 
1.5530815844940145  -0.9653196497628687 
1.5845990450480494  -1.003252852737539  
1.5646554309688758  -1.009805107872871  
1.6175434395719375  -1.1784155159011829 
1.5732649057758308  -1.0090192341525184 
1.560625776193925   -0.9421341328365462 
1.6117718529308083  -1.174015961405908  
1.5969368062211227  -1.197791153150559  
1.6022827778888078  -1.1706468400079368 
1.6187892279964071  -1.1861621312764654 
1.5429308430103177  -0.96978733022969   
1.5519328198024267  -0.9527078162918355 
1.5637158249830567  -0.9928103348380916 
1.5890456683219722  -0.9919177030615235 
1.556849137093762   -0.9949264041830019 
1.5357282090463993  -0.9248604309290672 
1.5194652925929706  -0.9072233907923241 
1.5713611859197794  -1.0014756872982304 
1.6028664607651564  -1.197791153150559  
1.5501141277271608  -0.943522444511806  
1.6058279415420305  -1.1016483895112543 
1.5861966596035777  -1.06425369533088   
1.5839834229248446  -1.0272139339650734 
1.5661795305967017  -0.9894009238490511 
1.564301863052802   -0.9701940785808925 
1.6378308906305756  -1.1065849988798593 
1.1536594059070873  -1.0875957150305964 
1.5322903558787275  -0.9228106857405769 
1.6255117522899518  -1.0935756169521667 
1.583770400405362   -0.9834871089924658 
1.561472351306347   -0.9783206658300114 
1.0205844942958024  -1.197791153150559  
1.5513623312761602  -0.9599513763598282 
1.616686514779581   -1.197791153150559  
1.5701220204830044  -0.980898663963767  
1.5909033129891967  -1.197791153150559  
1.56269131631667    -0.9373435960551445 
1.5663058540043184  -0.9891579747942951 
1.627544318251517   -1.177522892785574  
1.616826321498032   -1.1680417404961396 
1.5813834345008375  -1.197791153150559  
1.561032596545794   -0.98759946500985   
1.591843738386319   -1.1268987216434834 
1.5836539489410557  -1.0362268607775578 
1.5989178949412313  -1.0636300236817573 
1.6191512322421127  -1.0670877887050227 
1.5714246387060926  -1.0124997990582218 
1.5556405490933962  -0.9641521387801324 
1.5534487034696225  -0.9261450562593606 
1.5572399981513654  -0.9791260216958676 
1.5857467824518243  -1.1710316862675418 
1.52884381438438    -0.9083189801745297 
1.597757547418494   -1.197791153150559  
1.5664164658588011  -0.9786650428076378 
1.530210628139091   -0.9123084736620657 
1.5682352416106256  -0.9412565974029331 
1.5634774985757613  -1.0200440780783901 
1.5503478665596975  -0.9363997347840045 
1.0205844942958024  -1.1156041159309256 
1.6111092695959859  -1.1401525530273193 
1.5675410849326712  -0.9242225053658003 
1.1769959475947895  -1.1086345105383806 
1.639265420719292   -1.1562819486480949 
1.60736233734874    -1.156509907369023  
1.6016378525997954  -1.197791153150559  
1.568124923004985   -0.9892670712493759 
1.5633566328041255  -0.9817503732685118 
1.611075531243369   -1.157594081856455  
1.5146817650783613  -0.9052153281496443 
1.5452081593323939  -0.9431859419940233 
1.5597426761034572  -0.9899244076854988 
1.5513594776565092  -0.9562131823030994 
1.6002334812558539  -1.1900330306676379 
1.6074437258368381  -1.12451216374292   
1.6097756420282034  -1.1430790688881163 
1.562158618787844   -0.9682902308507813 
1.1318977119999216  -1.1576434600466088 
1.5614112615405111  -0.9714648217836683 
1.6128797372492005  -1.197791153150559  
1.1766119005495947  -1.0919963902769896 
1.5348403078978026  -0.9286262303255962 
1.563464757435039   -0.9821925201667451 
1.5483824769350654  -0.9599878107541099 
1.5608277947008782  -0.9743933244672193 
1.5703888175979943  -0.9954187594551774 
1.5502953419180674  -0.9418052202836938 
1.9699098521619942  -0.9273293088895442 
1.5388580341307996  -0.9420740459094283 
1.5338720158349943  -0.9485973862544481 
1.5645867608139137  -1.000490586304417  
1.556076038516207   -0.9476157235621109 
1.524835900931389   -0.9242774690358592 
1.6307213535911973  -1.1918589730311695 
1.5694941570733212  -0.9620194399622967 
1.5938877545582195  -1.0724651509553011 
1.580187769598175   -1.1918539897864844 
1.617196049837561   -1.1701271364483405 
1.5392803809068916  -0.8983743482913651 
1.5809005350876775  -0.9926458734298602 
1.5386306263256315  -0.9321642988705496 
1.5283082241655759  -0.9142976260598489 
1.6242104852268426  -1.197791153150559  
1.5606127623585784  -0.9627684421791701 
1.5963740258011616  -1.197791153150559  
1.5288140638076053  -0.9149582343708084 
1.6104909946761232  -1.197791153150559  
1.5992376258842502  -1.1908021576719896 
1.5452112455720473  -0.8862165591516016 
1.6097964759695182  -1.197791153150559  
1.5439852106277039  -0.9178952430655087 
1.54659751481162    -0.9395660505032818 
1.5517782708890082  -0.9425847101302035 
1.5742659982437073  -0.9738454363757553 
1.575626044271751   -0.9600255153537717 
1.617907754425261   -1.1355924127890258 
1.6066536516089487  -1.13521183646867   
1.5718082615081115  -0.9913442021090522 
1.5606455456629165  -0.9942867794045176 
1.5505019048636288  -0.9622722267151982 
1.7279585648067606  -1.1510195906413223 
1.5500523284462575  -0.9418509024961592 
1.6177721849005504  -1.0623114132415925 
1.519545132738642   -0.9169579204519044 
1.5222342703949536  -0.9099893063717731 
1.5983109555481156  -1.0886471434268232 
1.5460251610764912  -0.9512456735793692 
1.6220572513552556  -1.07296535847652   
1.5497647505016467  -0.9488736316415416 
1.6117124043475375  -1.197791153150559  
1.5397825700415808  -0.924323551791129  
1.5791659963900764  -1.0198408765250195 
1.543075952402889   -0.9773567361606259 
1.545514988890429   -0.9787904238143273 
1.5675948815644665  -0.9986942233345688 
1.537440138972587   -0.9271095788997807 
1.5564842203667937  -0.9778050847633103 
1.6071135036738475  -1.197791153150559  
1.5608598923548322  -0.9990197945710357 
1.560587949069959   -0.9801993466047221 
1.566411755290503   -0.9427850831812239 
1.6088882760708347  -1.1774551688697825 
1.6090254822819154  -1.144037507706617  
1.6072018218731723  -1.1650744636900967 
1.5371532921510878  -0.8928237966579478 
1.5751174341717047  -1.0047851504837249 
1.574930660010837   -0.992505789629916  
1.619650540690995   -1.137268699222873  
1.6131999787398628  -1.197791153150559  
1.5904638594402214  -1.197791153150559  
1.7672373178607128  -1.1808993182098164 
1.5857564924610017  -1.1948167982076758 
1.5767445010649122  -1.0328819613053843 
1.59937622412333    -1.197791153150559  
1.536454647064429   -0.9168382089604915 
1.573195036015253   -0.989906699016352  
1.536501137491047   -0.9338779690877732 
1.6223670082188704  -1.1972011574554182 
1.5637162206269035  -0.9434025009592383 
1.6123938689447008  -1.197791153150559  
1.556675056870008   -0.9732339811916527 
1.6042607613638045  -1.197791153150559  
1.5612165253433994  -0.9607071292027426 
1.5628185538434787  -0.9906533102453211 
1.5278262952791581  -0.9069757688198876 
1.6096590174303889  -1.1757986781981449 
1.6216669537306678  -1.175894781687951  
1.5788633918698722  -0.9990548406211262 
1.5653579116333662  -0.9609704121764016 
1.526409875645381   -0.9158877758848424 
1.5470808859351972  -0.925026445928152  
1.5807340783814596  -1.025055551247766  
1.5913815043653226  -0.992016397682642  
1.5399427377907657  -0.9199487497474257 
1.5831357872637521  -1.0212712532628287 
1.5519998600672875  -0.9829059853862604 
1.1591653542271867  -1.1862445915539126 
1.6302315700295367  -1.197791153150559  
1.6153383636183818  -1.1530790721859385 
1.552534757162374   -0.9145834642483724 
1.5551723882942259  -0.9793962025435146 
1.562601776662032   -0.9592090274182995 
1.5874390325549246  -1.027266193161852  
1.5604673972818595  -0.9764922603815378 
1.6114266394746577  -1.1933546623338578 
1.588624336329561   -1.197791153150559  
1.0205844942958024  -1.197791153150559  
1.5089024117293346  -0.8842146131281599 
1.548511484584979   -0.9428541614204552 
1.5933095414467255  -0.9774785908765109 
1.6303936741638865  -1.1971678873399687 
1.5932550693462206  -1.1081043647791904 
1.599072216021565   -1.1388048781553686 
1.1685646801009617  -1.0542690879149148 
1.5712957279667135  -0.9889225182569802 
1.6178518303831975  -1.0670070482434322 
1.6001528026875047  -1.197791153150559  
1.56006089828896    -0.9718472362373142 
1.561621677408922   -0.9646451732391962 
1.6161499965869643  -1.197791153150559  
1.5443144118569367  -0.9024953088103725 
1.5910790820020129  -1.08273728233514   
1.866176145774935   -0.9239013826536319 
1.5894821280145452  -1.1826549668302069 
1.614836939304496   -1.1706074951027206 
1.5917356369720235  -1.0548373112578606 
1.5535745102812777  -0.938369197117171  
1.6004119049476306  -1.197791153150559  
1.545807534593722   -0.976854161128067  
1.6235748686818965  -1.158024436035016  
1.5576395584726557  -0.9580875206589199 
1.5586467186195936  -1.001166593569515  
1.6036231224709723  -1.1748173741468086 
1.5617148162287844  -1.003014871834045  
1.5595721326252885  -0.9552251332578383 
1.5667919071423775  -1.0004635200080687 
1.6212315916075901  -1.0590026358239555 
1.5476770847471106  -0.9314400234966008 
1.6381180922643668  -1.139841260716321  
1.612961148027564   -1.1925956972386533 
1.6117933094498658  -1.197791153150559  
1.5443429319224617  -0.9270010686238596 
1.5997912442728408  -1.0572923093971716 
1.591057395621014   -1.0279980069739525 
1.558411763291909   -0.9689190347568754 
1.5500632755497332  -0.9508143753232937 
1.5376974451037104  -0.9242562301422609 
1.5690654196398062  -0.9768218740292435 
1.5804372552266357  -1.0166259900207557 
1.5446392537198776  -0.9577690299034721 
1.550819706122794   -0.9659996568197841 
1.558550121256046   -0.9667107939819546 
1.609955477991628   -1.0782621453598824 
1.60986476728897    -1.197791153150559  
1.5991368581683716  -1.197791153150559  
1.5470484767410457  -0.9364284454268602 
1.544496983141126   -0.9308192550990094 
1.61160086835342    -1.197791153150559  
1.5953520683418945  -1.1343646975977288 
1.5965117620031022  -1.0921805859935532 
1.567194221504975   -0.9967507895125356 
1.1649820504122907  -1.0535946684923378 
1.6336808947121166  -1.1388289466329171 
1.5713898186455535  -0.9905954275567252 
1.561647442278808   -0.9781570942970632 
1.6198824952556043  -1.1917399738431502 
1.5716643241225712  -0.9943616148020994 
1.5751125595515572  -0.993645090505273  
1.6147914174069324  -1.197791153150559  
1.567827599068398   -0.9822174910251883 
1.6165593421360749  -1.1775620047027686 
1.6126199027175596  -1.1883373489259843 
1.55648487699351    -0.9359944310384551 
1.5803147413544851  -0.9562609716177016 
1.5761035765188798  -0.9998412491883576 
1.5512995315132905  -0.9356374550229256 
1.614871753949291   -1.1761885770800602 
1.6014124468189757  -1.0963401323827802 
1.5568933111741579  -0.9601476312042531 
1.6128381935737846  -1.16509307222336   
1.5617007552218274  -0.9454792519462651 
1.5789244025383788  -1.050832957976753  
1.5459191681039441  -0.9607742349102163 
1.5467317411940729  -0.9358487994702209 
1.562641265266179   -0.9870785003714599 
1.549034079887056   -0.9259910865236293 
1.5750950729545328  -0.9855445216947313 
1.6074852241612139  -1.197791153150559  
1.6037848864134476  -1.197791153150559  
1.9562706479038465  -1.0984906859225023 
1.5796672490022075  -1.013016462171971  
1.6047051699034949  -1.197791153150559  
1.5998110519693518  -1.1606432382106338 
1.6112712074929012  -1.1352249460572839 
1.6871991362290752  -1.1594357695060153 
1.569017430131932   -0.9937050921760016 
1.6075874423830994  -1.1282810922564686 
1.5676307478434637  -0.9829382884856005 
1.5870433540955067  -1.0220438395724598 
1.5587021572462916  -0.9205949753110949 
1.6061887912934103  -1.1780781675362892 
1.6033792245164113  -1.1879717998413548 
1.5661448349540723  -0.9990153826378716 
1.5639229067751468  -0.9394560308045122 
1.5631544326759972  -0.97827896317004   
1.6612835872433078  -1.1227052972788043 
1.5937109411939472  -1.197791153150559  
1.6015522844184757  -1.197791153150559  
1.5720584513643938  -1.0322613794127333 
1.6172402906653907  -1.197791153150559  
1.5812463708025     -1.0397002178404342 
1.0969220460053606  -1.197791153150559  
1.561917639419767   -0.992361357061428  
1.5707776292527325  -1.00333192002855   
1.5706574132370048  -0.997634838350097  
1.605836269369085   -1.197791153150559  
1.605267496408213   -1.197791153150559  
1.6160128318404476  -1.1555318729143327 
1.6129120544540982  -1.1772574595009406 
1.5830882197625111  -0.9774501421938606 
1.6030132411133724  -1.1361896160436593 
1.58943299032859    -1.197791153150559  
1.556489498975923   -0.9471757474797173 
1.6023096535939358  -1.1642460691508236 
1.5836987433736722  -1.0037449601532074 
1.5959663857352444  -1.1949527850314958 
1.5628125675645717  -0.9772748861682228 
1.587475769804855   -1.0432130738459318 
1.5289489587545124  -0.8974611677488437 
1.542030698678167   -0.8967176879191213 
1.5698429591363041  -0.9938792235174947 
1.6173734121393035  -1.197791153150559  
1.5328830571327103  -0.9296388556273367 
1.598324973487736   -1.1251230988448824 
1.5622058948054547  -0.9059290486427729 
1.5646803004976693  -0.9972619677575568 
1.554655332713034   -0.9502794475801831 
1.6116033317208664  -1.1761162932121254 
1.5525029537439463  -0.9385287631524858 
1.5933178009159097  -0.9851995410909009 
1.6097067296787602  -1.197791153150559  
1.5477845673158612  -0.9523116945087899 
1.5432044438895458  -0.9357582316572824 
1.5629178249530609  -0.9560028462340918 
1.5332988494524156  -0.9220619863099717 
1.566623518388988   -0.9863723147123712 
1.5665824550023966  -0.9713497533915201 
1.2115706052149062  -1.112914835357498  
1.5440070340963203  -0.9206051181532449 
1.5698408903179402  -1.0217630540873899 
1.5941074866447955  -1.1761602233648414 
1.614885008536651   -1.1327572845827474 
1.184112845362539   -1.0932663375387246 
1.57931204477568    -0.9821601776889172 
1.5542485823537648  -0.9135208344256618 
1.571557268804957   -0.9659888362101481 
1.5699892350311     -1.0133523225038148 
1.5696947048466712  -0.9870030009104211 
1.5499422246032943  -0.9218032231998247 
1.6225047031021202  -1.0654092816491483 
1.572579444888462   -1.0004380530445462 
1.6154571549481354  -1.197791153150559  
1.572912446298973   -0.9892351975879881 
1.5320305709075364  -0.9129382885735418 
1.576892650800718   -1.0423496421133025 
1.6158706745835878  -1.1641960699085694 
1.6006021929836065  -1.190238700861613  
1.6147744561870654  -1.165212402576371  
1.61441598077467    -1.0965616825874187 
1.6106374510240171  -1.1948215012932686 
1.5980908989889413  -1.1619762553451238 
1.607064363508447   -1.197791153150559  
1.5371300485501065  -0.9420060383428965 
1.5705810457079723  -1.0180403241047675 
1.561217872620458   -0.9926390319404464 
1.5370881682622943  -0.9379780222651977 
1.6316236928437169  -1.1324890387907658 
1.5773752797307157  -1.0152142199378005 
1.6235314443828015  -1.0682836704133412 
1.5700374410150457  -1.0025988979741896 
1.60948360640481    -1.0364809340180945 
1.165098257823584   -1.1819090844357847 
1.6060725783473526  -1.1906816234529338 
1.5719641742013974  -0.9999355815028961 
1.6185077020155505  -1.197791153150559  
1.4974839735427747  -0.8916243526837886 
1.6071065019009942  -1.1672370010974498 
1.5623566059286647  -0.9854139004315499 
1.5603557842839861  -0.9886634621402335 
1.5624993878780256  -0.9817787320332114 
1.6591256906372982  -1.1746905824280807 
1.5875664555583473  -1.0076936997090753 
1.5614531473996076  -0.9690158511029644 
1.5556197692499787  -0.9399679773000346 
1.5935773969323197  -1.197791153150559  
1.6156320381406573  -1.1596381867574068 
1.6141673340504366  -1.1972430001719274 
1.563891977760992   -0.9452874211659555 
1.5568559747184063  -0.9360198184196408 
1.602511818920257   -1.197791153150559  
1.148991830514968   -1.019975328999815  
1.612933033600581   -1.154696640240285  
1.5696667157196558  -0.9815165051561036 
1.6151798691212318  -1.197791153150559  
1.6912733345542073  -1.1862445915539126 
1.55900649190648    -0.9830725194465235 
1.5506268285605762  -0.9840729139097222 
1.6116376001063308  -1.1002327622831163 
1.6292326699134534  -1.197791153150559  
1.5749159410236269  -1.0091984066511925 
1.1688792861949553  -1.128209234568521  
1.5982518487231099  -1.0520140836785652 
1.5891421810883293  -1.04801151362468   
1.5689481251297919  -1.197791153150559  
1.553226914661027   -0.9352458719000343 
1.6719133534533714  -1.1862445915539126 
1.0205844942958024  -1.197791153150559  
1.5896643560551873  -1.1853801515851323 
1.5482451371503332  -0.9512169215945511 
1.6017078588003761  -1.197791153150559  
1.6309162438524067  -1.1473976050961199 
1.5350010770340363  -0.8989228518602258 
1.9656320330745594  -0.9264580402615662 
1.612418902687673   -1.197791153150559  
1.6143725002031495  -1.1473642879735912 
1.5898819263119113  -1.0411716282366446 
1.5938589531011242  -1.1896901210446205 
1.6048135721727494  -1.1357053859954966 
1.6160448716801088  -1.097454570126514  
1.5687900797903482  -0.989076647899747  
1.5602562657194534  -0.965578731921218  
1.5515275663242951  -0.934706817424337  
1.624786045642089   -1.0763623509732514 
1.5922194337056172  -1.1800281608546896 
1.558581908622315   -0.9550390753433606 
1.6175480593630993  -1.197791153150559  
1.5967637085549975  -1.0957161975488428 
1.5958663321125992  -1.197791153150559  
1.5758311682536337  -1.0209960061815198 
1.5855180798235364  -1.197791153150559  
1.555083222521143   -0.9253137175703907 
1.5669870216729471  -0.9840599457619532 
1.5216884299567295  -0.9188569980592286 
1.565453348406283   -0.9767407126504224 
1.622704186692926   -1.197791153150559  
1.5864897022343456  -1.0377817556708893 
1.5628861425283658  -0.9441440168271592 
1.608870669755062   -1.197791153150559  
1.5819671373195823  -1.0276885269130818 
1.6116109520671822  -1.1603547818892808 
1.5992842860393561  -1.1847651664705066 
1.5720555653864183  -0.9923024464909899 
1.5929753019646742  -1.0635454014688341 
1.6083866406202283  -1.162340838288598  
1.6243233497846454  -1.197791153150559  
1.5435908404383825  -0.9101551455742551 
1.6221960572243381  -1.1826875896420654 
1.5741498319125442  -0.9824712176697266 
1.582306481465255   -0.9260061244894924 
1.6164883925380145  -1.190801924859988  
1.5989861092356294  -1.1398903208533864 
1.608627901348737   -1.197791153150559  
1.5593182521932434  -0.9621983016138829 
1.6620029597836194  -1.1862445915539126 
1.611479285486276   -1.1844274965435098 
1.5273181319404816  -0.91360792132047   
1.6106474466002396  -1.197791153150559  
1.6052943349528324  -1.1914577369975257 
1.6058626836383563  -1.197791153150559  
1.614874503240588   -1.197791153150559  
1.6092661130028945  -1.1591767079542799 
1.6118471969188644  -1.197791153150559  
1.5809538234353238  -0.9983181221281539 
1.5448580257843056  -0.9519796179352431 
1.1685959214753603  -1.0340110327192316 
1.5654762684443784  -0.9577187495588761 
1.5951458588334526  -1.0449464648775257 
1.6272213763973358  -1.0688262272752451 
1.5892184096865642  -1.1929411874764475 
1.5940714463560848  -1.197791153150559  
1.5872631598461011  -1.0152656668865543 
1.6054266896970393  -1.183205502650442  
1.5855514282460235  -1.0346334782072932 
1.6144355149284852  -1.1961310149774882 
1.6074590772151787  -1.1247176472897022 
1.561617173626149   -0.9903394177863272 
1.6065319316772966  -1.1784762046052006 
1.612331749379924   -1.197791153150559  
1.5428899292097897  -0.926808791468849  
1.581982731565251   -1.02581077988772   
1.0580836121681996  -0.8052452253597931 
1.535236000715152   -0.9383430564682546 
1.60965120518614    -1.1310592765457856 
1.5536916091513415  -0.9575301729706845 
1.5959160895606224  -1.1932619407514682 
1.5553524190994705  -0.9734295492519668 
1.5813576589100469  -1.0051535311595834 
1.5853618193937942  -1.0347633011991615 
1.5740348831381574  -0.9667893654729165 
1.5967379215169275  -1.1806814222247968 
1.5515308116910715  -0.9438336723637005 
1.5634907681051995  -0.977954692293408  
1.5778995230927566  -0.9906413654470805 
1.5737152468048727  -0.94842729702425   
1.6165200094511354  -1.197791153150559  
1.593345739891551   -1.1451635239619107 
1.5435350103017376  -0.9558789193433267 
1.5465781494412318  -0.9382255551610023 
1.5469779194102118  -0.918303829921482  
1.5601918433769495  -0.9681063081549032 
1.5408770137626475  -0.9130601615177104 
1.957872311946033   -0.8052452253597931 
1.5339612063200878  -0.9209744962458681 
1.6146173699957773  -1.197791153150559  
1.545861655136942   -0.935883450013939  
1.544611411864599   -0.959890885427313  
1.5888779635055026  -1.197791153150559  
1.6608939017144666  -1.1819090844357847 
1.5942590978879978  -1.1737670992232538 
1.6056815176222912  -1.197791153150559  
1.5669019971536673  -0.9694880796694174 
1.5438861628752636  -0.9330847851501107 
1.6238837150238739  -1.197791153150559  
1.5817665684184077  -0.9941929634252794 
1.6031009301440047  -1.0977105713911623 
1.6115806109778752  -1.156596347906522  
1.597307862732217   -1.1788023218206591 
1.5341464613107263  -0.9452814042422019 
1.623095759116777   -1.197791153150559  
1.5725471390460204  -1.0120089386506255 
1.5644993205836886  -0.9575938342228255 
1.613676920676819   -1.1603681451939094 
1.6273623986881602  -1.1768872428872548 
1.5460383508816031  -0.9600547914751261 
1.587485603639731   -1.197791153150559  
1.531738738842542   -0.9285639323113103 
1.5777090149949382  -1.0319743584584884 
1.5556471286394735  -0.9590398491332112 
1.5456640002694941  -0.9588226833434165 
1.5302550495129732  -0.9346093768395595 
1.6220651998013855  -1.1892929765421945 
1.5939760199527209  -1.0164269184245591 
1.570241092014893   -1.0089970513769773 
1.5767888012841902  -1.0070716135657902 
1.6190805335179856  -1.156033836705448  
1.5853674324210314  -1.0405853707739137 
1.6125006854934085  -1.197791153150559  
1.5759427746229495  -0.980590146524607  
1.6084375264061084  -1.1922101302985573 
1.5595086552576312  -0.9357160049311688 
1.6186851629251535  -1.197791153150559  
1.5908168564564744  -1.1563124203292916 
1.5403352199130715  -0.9339189090175216 
1.6175794635740774  -1.197791153150559  
1.54524159363366    -0.908224476130245  
1.533805539681938   -0.9242759882241398 
1.552911502691132   -0.9073528449837208 
1.605077945572327   -1.1971293016268598 
1.6046714342577515  -1.1067195627588304 
1.5978545190064957  -1.1877805781966666 
1.5722254307513466  -0.97392466518696   
1.5738791591193255  -0.9749540253936869 
1.5940901067897209  -1.06094225057445   
1.5946680633847328  -0.9983143473842285 
1.5461308909080425  -0.954043778397403  
1.5766151098463197  -1.0320338747978028 
1.5419589876027489  -0.9336407906436001 
1.567274348296633   -1.001624198331859  
1.574713852143872   -1.0149453568566598 
1.577756990212611   -0.954259761326656  
1.5815772847427303  -1.020943644835967  
1.6098374075921107  -1.1497661207820196 
1.5510774290729255  -0.9472555689927047 
1.5809503068167967  -1.197791153150559  
1.5568804260295586  -0.9512103453471297 
1.620669990595474   -1.188072356342594  
1.6190473593957337  -1.1961865070462097 
1.5642995308943677  -0.950301739502412  
1.57003136733911    -1.02347637276315   
1.497816391731904   -0.8650259108616226 
1.5830764878065426  -1.197791153150559  
1.5826910513185808  -1.0171826976997274 
1.5789362569669767  -0.9910576670937757 
1.543918701038126   -0.9346094592441456 
1.6023957176683636  -1.1884147843495974 
1.617979248073461   -1.1966572225600578 
1.5635162244332208  -0.9375796677208115 
1.6160941416584111  -1.1847427218275426 
1.6194907015255235  -1.1546940366689395 
1.6034508037764488  -1.1068267574375186 
1.5742552287505804  -0.9848400866415141 
1.5790672478063061  -1.0461511828482815 
1.539804038562947   -0.9414630209253172 
1.566515979638603   -0.9711184674638331 
1.6094967392467288  -1.179177676114608  
1.5826937075413912  -0.9871630816481558 
1.5680909689198588  -0.9812720325036363 
1.6049332857906995  -1.197791153150559  
1.572705808936186   -1.197791153150559  
1.5620829271922179  -0.9263982612482479 
1.5677621349961695  -0.9662230536339699 
1.5568499908993927  -0.9640461163790222 
1.6124676696358164  -1.1586788993606814 
1.564475419552801   -0.9978731649631526 
1.5493289887536676  -0.9769163440618693 
1.5643212165649623  -0.9542669794770656 
1.574074076915612   -0.9868310240532164 
1.5900888116955079  -1.1973126933460718 
1.5337690896399148  -0.9336699696211231 
1.623532057418148   -1.1968057880084562 
1.5173000184605236  -0.9546750635645594 
1.5664689456718939  -0.9692514432542382 
1.5813365459112119  -1.197791153150559  
1.6102044984598747  -1.1301428773050923 
1.6047810798898465  -1.1375430472182975 
1.5384754393832987  -0.9379597943846879 
1.616255234383662   -1.1581957116554829 
1.5159994140616568  -0.8611855659483197 
1.6130022788458267  -1.196001789852473  
1.534898639565091   -0.941416810870068  
1.6201274071822596  -1.1668354473978648 
1.6291726446929689  -1.177378778557786  
1.614990235296705   -1.1141574382447452 
1.5631212606286022  -0.9754059682072579 
1.5542518843814654  -0.904200703632438  
1.5597768060694797  -0.9848155579694865 
1.5285761856957147  -0.9160654518250462 
1.5704838194371438  -0.957875433974991  
1.6167901989923217  -1.182856365872317  
1.601375254864066   -1.1888844556568632 
1.570306842263856   -0.9724193686857779 
1.6191960612511316  -1.197791153150559  
1.616888615533262   -1.1659175688262913 
1.5505056611921753  -0.9554624709743288 
