a                   b                   
1.5745749606708301  -1.0156139404288824 
1.5548635218234241  -1.0094726187531848 
1.5465182227031566  -0.9597439146640595 
1.5258562320502516  -0.9650927826747976 
1.6121297496062212  -1.1823787668650856 
1.5976353003609163  -1.0802498363365214 
1.5565708505609546  -1.0162621345671063 
1.620085110628084   -1.140079444192375  
1.5802113146969032  -1.0616779716837985 
1.6380846821991841  -1.1860951069352599 
1.570864805190569   -1.0545401018683187 
1.5785196373152017  -1.022280802482318  
1.5594406236796672  -1.0221527641936294 
1.5514782273853729  -0.9675234942642107 
1.5797717831028246  -1.056213895495668  
1.5798660348309654  -1.05340374717697   
1.5570741036586841  -1.0058888125488488 
1.5470129899080225  -0.9831350664488769 
1.6160551468945008  -1.1254019985081611 
1.6080332624230547  -1.0942948425168377 
1.6136471120010303  -1.0504745211432174 
1.5899041704557915  -1.187174846479389  
1.5520741658024968  -0.9883465070794999 
1.578217674647175   -1.0423044020575227 
1.5768215104809604  -1.049973376120801  
1.5730352484743395  -1.0390831486393288 
1.607252700409366   -1.1814666700236576 
1.5502560658739626  -1.0119234155515204 
1.5358184731249127  -0.9857607996071277 
1.577533685970553   -1.0445545814131083 
1.5865886293055573  -1.055041204202342  
1.537194666033718   -0.9573914166065428 
1.5213530414605765  -0.9412194314552421 
1.5613323079285741  -1.0202562894103056 
1.5715438007808638  -1.0086233666130422 
1.555800245198661   -1.0189694135344143 
1.565068947631658   -1.0352090319736442 
1.5587447718473473  -1.0203031851860334 
1.5836950099571272  -1.0434614087946652 
1.5802886901761484  -1.0147639909894786 
1.566661292265864   -1.0294969973957262 
1.6322212440196562  -1.1884883201480239 
1.5701168693119467  -1.0177828697135718 
1.5642876245589483  -0.9760045845453813 
1.5852151634560612  -1.070465873057764  
1.5924446739645912  -1.0627534301331543 
1.539330336778935   -0.9727112112988018 
1.5809889990514796  -1.0661961044513601 
1.59053941399968    -1.0819635446367861 
1.5853974045248838  -1.0546077496872908 
1.6272181614060202  -1.1884275362621797 
1.5653710351658172  -1.018293652431115  
1.6376085031393566  -1.1780652096960778 
1.5922644661223149  -1.0790950666185661 
1.5224864098632338  -0.9882122609196765 
1.553754257265866   -0.9806936530217675 
1.5911775258475453  -1.051273927465743  
1.5695093474143524  -1.0245057554925638 
1.5753035960912942  -1.0481295511906719 
1.589408557088678   -1.0211847541745722 
1.5657849260768457  -1.0582340702004782 
1.5792531659099784  -1.1099045575753026 
1.5711907689571842  -0.9964060990201368 
1.5847724404232455  -1.0832375389787054 
1.5745862175288179  -1.0125305025580877 
1.5747021676718318  -1.0344031477359716 
1.5654260250103398  -0.9751033922223725 
1.5986542843506988  -1.0471290699903792 
1.5820839476911317  -1.0575210880578358 
1.5699088259874514  -1.0446601604033245 
1.5746256023602252  -1.0252965191741694 
1.5659804822479115  -1.0167562453624057 
1.545275987353379   -0.993904100295006  
1.6125260704950413  -1.1603733757413586 
1.6175239536780333  -1.1865810480948504 
1.57854937507907    -1.013183995982948  
1.6468532258224733  -1.1922945983658773 
1.5557756461812646  -0.9813240365716034 
1.541666815630103   -0.9900551287246995 
1.5808970085776308  -1.065643393756643  
1.555537911598558   -0.9881312673349285 
1.58434276855958    -1.08685567785837   
1.5448275814577899  -0.9952393819887653 
1.5589495079203897  -1.027722392822323  
1.5653228727073352  -1.0178323737123203 
1.6388610389723728  -1.180933587814483  
1.5311221686619505  -0.9509069611826474 
1.6024062493214444  -1.120869409726253  
1.538495506734817   -0.9498946671946145 
1.6047316054816918  -1.1589944947155981 
1.5528989342846975  -0.986618593766598  
1.5463956208215859  -0.9776333849870718 
1.5650370708061392  -1.0420849011643019 
1.5465779605177732  -1.000032416670386  
1.6252647901586221  -1.1875207214520955 
1.625539511671678   -1.1802280599403214 
1.5809599468445235  -1.0437696368871652 
1.6017038406676356  -1.094425834209375  
1.5664927849118468  -1.0014354581167222 
1.5641513842161614  -1.0332322706885604 
1.5408218395233082  -0.9798352145933681 
1.6084905427958298  -1.0986630267904602 
1.5451982838709697  -0.977733335438665  
1.5617196946402607  -1.0191779071373093 
1.576382813089689   -1.053685168070898  
1.5275149814210967  -0.9569979995184893 
1.5821477363815248  -1.0445271702026944 
1.5648971135702683  -1.0192941401378728 
1.6060590679696478  -1.1289808105535806 
1.5888663622052897  -1.0519725210874293 
1.566838629109044   -1.0133615827020992 
1.5639499467518456  -1.0099600905494144 
1.5615735064654785  -1.0244820428351302 
1.5781284848568569  -1.0564049779115738 
1.5834642520925744  -1.037174796941768  
1.573586432834915   -1.0238704206731044 
1.5584202702901442  -1.0149982274211355 
1.583885764833763   -1.0640369940984498 
1.5670282375169602  -1.0375807808125779 
1.5445788724163274  -0.9857491842052344 
1.6248495375651582  -1.0941382636502222 
1.552170007061218   -1.0227851104418888 
1.579450016946646   -1.0582003234049195 
1.5394918832110862  -0.9834118832600313 
1.5278891528913976  -0.9762946471130235 
1.581810213585477   -1.0328007853569006 
1.5956644738868537  -1.0901327292899383 
1.5759576133015807  -1.0468719448887074 
1.573432461444202   -1.037594239006465  
1.5640910218118729  -1.0074170519521977 
1.5732465007935899  -1.0499704118402735 
1.5997780317390962  -1.0450052261156086 
1.5876274310398903  -1.0439182230835438 
1.5637745781745063  -1.0352062922651772 
1.5903685368415694  -1.0617796111157072 
1.5536382436248741  -1.0079990693559238 
1.6205939487319323  -1.1772495549772144 
1.614739221146715   -1.1469462577640577 
1.5714736212515334  -1.0379123406486472 
1.5618123265529704  -1.016590479046282  
1.5857710654367791  -1.0361429732708423 
1.5631927767948093  -1.002355360800147  
1.5284910380096206  -0.9599970843809279 
1.5803813189735294  -1.0347571651018799 
1.6078941505145776  -1.1554895690050357 
1.6453263669616427  -1.1798711991282709 
1.602643596635281   -1.0919293390327818 
1.5260137377855516  -0.9620513735623942 
1.5401275582013174  -0.9744752238035628 
1.6031246969960062  -1.0922610818814722 
1.5753221256635936  -1.0264271897257196 
1.5846074806455366  -1.0574031887741089 
1.5662385156751715  -1.033360154776601  
1.5505035687452968  -1.012733584250975  
1.6010343344219495  -1.0915236800448371 
1.6411002239350956  -1.1394843454983006 
1.5834754398278015  -1.0515689034633589 
1.5628354566394362  -1.009175918543683  
1.5966956539408443  -1.0742363568185695 
1.548671559308273   -0.9885677262649477 
1.5546780048643978  -0.9971210423780761 
1.5715133397921368  -1.0354206932034011 
1.5475337462424366  -0.9308384576274601 
1.578594249495981   -1.0798646622710524 
1.640292363788175   -1.1924819877921564 
1.588427206784242   -1.0816401179822743 
1.632903397150133   -1.1888724225690657 
1.5353983955014596  -0.9718482870012011 
1.5576932923206928  -0.9939535152771847 
1.5482270808389718  -0.9958088458339976 
1.6234728827585538  -1.1212165009432162 
1.576227782187721   -1.0326678726009182 
1.5280280540647386  -0.9463088914837179 
1.5685519962127195  -1.0340547894198189 
1.5615288328234251  -0.9949683097364279 
1.62151871746988    -1.1349842906701029 
1.5701615894944578  -1.007325435926754  
1.5767698693910552  -0.9873459968927609 
1.5718955186429844  -1.0374350635600522 
1.6323517466369084  -1.1510361349808556 
1.610489627774693   -1.1130012445466964 
1.5501953484979665  -0.9796670379163679 
1.5762158709065397  -1.044691863815054  
1.6162709055503675  -1.0746530013761397 
1.639230290394157   -1.190726288902048  
1.6013746249503455  -1.116563711620292  
1.60985332851198    -1.0955230932797848 
1.5685342455235214  -0.9817457777458194 
1.5779648970468445  -1.0359138002247985 
1.5757989732048465  -1.0349533144833    
1.5786666928427566  -1.0030907082884843 
1.6303904362348822  -1.0981867655536355 
1.6026324309521152  -1.0738204881625757 
1.5507187905192739  -1.0164377894309276 
1.5816734942455772  -1.0608632190833374 
1.6014600096500515  -1.0773529978946967 
1.6006324178072815  -1.1011843602949067 
1.568735447098757   -1.0321842423387586 
1.5724232048070164  -1.0305232664938733 
1.5935731674586842  -1.0737743862865363 
1.625446225691375   -1.1556120249371689 
1.5642074411638514  -1.0263088706798382 
1.5975481837138505  -1.0894844647396276 
1.568753005360983   -1.0349878131422001 
1.591281409448211   -1.022085393424014  
1.5766443483512824  -1.047093371449782  
1.5763188253794589  -1.0239089834660113 
1.5523867663734612  -0.9865120825815286 
1.5621363868729004  -1.0243731534003337 
1.6166817570850174  -1.122639550775893  
1.5360644774898555  -0.9716147446453574 
1.5623677891155034  -0.9868549475114494 
1.573949079722448   -1.035389826868557  
1.5579507466650817  -1.011273034241728  
1.6454090432402433  -1.197791153150559  
1.6932647705127055  -1.1862445915539126 
1.588027310696338   -1.070958495936187  
1.5686874781744153  -1.03320652554597   
1.5439312532362124  -0.9777989909465433 
1.5133355712521357  -0.9320683768552759 
1.5279404977109028  -0.964737779323623  
1.6079088516830935  -1.1917799190349523 
1.557393826422835   -1.0142360813326963 
1.5694127629160943  -1.0245800031455976 
1.541688335636199   -0.9546291846966548 
1.5540755347532946  -1.0184422299965141 
1.5791165580026107  -1.0541706527235957 
1.5773797812361388  -1.0511454167170244 
1.5873537207734654  -1.0712928870802891 
1.6049548873878257  -1.096960111743365  
1.5650254854257315  -1.003932458648146  
1.5442896342240666  -0.9414367606588943 
1.5371339124377368  -0.9733072933155119 
1.5476646616797851  -0.962956675808816  
1.5860719221438924  -1.0617271351545885 
1.5561961884861988  -0.9953872249394261 
1.5956241854025386  -1.0699459818114374 
1.6078005648215918  -1.068358542448883  
1.5782878885273084  -1.05052768711455   
1.5707272100969818  -1.040550213769389  
1.6219444165742554  -1.1685686548342673 
1.5773349101344643  -1.0512685326451214 
1.5588060512348656  -1.0124310645472356 
1.6988839397221842  -1.1862445915539126 
1.5815226033754892  -1.0716733127116016 
1.6365937456474728  -1.197791153150559  
1.5536545611412111  -0.9824673736353275 
1.4993834511858166  -0.9084923630480302 
1.5526179340247153  -1.0081739516035615 
1.5975589710816025  -1.1228752417586982 
1.5726175202761983  -1.0351281786779258 
1.625722283465818   -1.1848968728940987 
1.55902646732086    -1.0298545482407129 
1.5776416272637526  -1.040862924651741  
1.5254965059563572  -0.9241996926021095 
1.5772147081945709  -1.053201206630496  
1.5558550537630607  -0.9770954274643691 
1.568290388838781   -1.0405219981953022 
1.5783443640687462  -1.0387505902627374 
1.5726533212762839  -1.0178584484839173 
1.580207329917392   -1.0560350085428558 
1.5387276801758807  -0.9745044265062998 
1.560003891029964   -1.037763943863967  
1.5321902599628023  -0.9583779197059326 
1.5733580534357052  -1.0464946948273335 
1.6157898848585963  -1.1843215030503553 
1.5731596690236462  -0.9979385986432321 
1.5666959474944107  -0.9952357308069298 
1.55629187904697    -0.9863286552236076 
1.5497840809782997  -0.9875723308043797 
1.5753237118044974  -1.0448136931359222 
1.5606633799731158  -1.0120106113126484 
1.6196261163097498  -1.166969095015944  
1.5230799161870525  -0.9316837694141118 
1.5941665570735364  -1.1256992064640403 
1.587675885540535   -1.0755763211981164 
1.6114334743714898  -1.1720544017118972 
1.5548259000398117  -1.0224179110914808 
1.544240697622282   -0.9699726219629115 
1.5717954091658348  -1.0400756495494865 
1.5865042973821442  -1.0573138699814    
1.559980314520801   -1.014279675147139  
1.5370233310912969  -0.940009666620959  
1.5382836374387536  -0.9676854715613514 
1.5435137794842724  -1.0005488389065262 
1.625799219886852   -1.1739867526634602 
1.5909285061368599  -1.1245532650376646 
1.5778324032846216  -1.0276721557579285 
1.564797581272072   -1.0287045655232068 
1.5722923428778077  -1.029743603342673  
1.5715482331354356  -1.0151355427286688 
1.5768655525651956  -1.0432710008652755 
1.5507019059743044  -0.9783074045534954 
1.6061706215616431  -1.0870679320331549 
1.5591549729722702  -1.0156695965648308 
1.574236318897505   -1.0320729648423828 
1.5631988024807015  -1.0365424483948182 
1.6129644962729794  -1.1066611787077276 
1.5613993512379256  -1.0101439123497615 
1.5762127718238044  -1.0246152361374745 
1.6117090406185437  -1.168219233965518  
1.5547892847535627  -1.001888370377158  
1.6287497359089491  -1.1467046017954707 
1.5763098124604837  -1.033273656451798  
1.575461288722111   -1.0621514689056464 
1.5570566017522602  -1.0141232303489005 
1.5560016092498021  -1.0092938400561406 
1.5789615375234847  -1.0119877538951332 
1.6199380474228968  -1.176289186329977  
1.6590196982879093  -1.1819090844357847 
1.5598788821320038  -0.9827996968351841 
1.551918774959901   -1.0158187146446045 
1.6251973934843464  -1.1619589969953128 
1.5661522013360194  -1.0333490376418077 
1.5574623316507559  -1.0275980202986383 
1.585570624754958   -1.0156776048936604 
1.5959748006786307  -1.0802208787746577 
1.5474971273709524  -1.0127077100639077 
1.5632925520305043  -1.0169774723139011 
1.561329359917605   -1.0150495547229859 
1.5748494680345768  -1.0246993452525759 
1.5597776876572724  -1.0286194557842505 
1.6237302017476802  -1.1825416273256275 
1.5649116278468291  -1.0139732091642542 
1.6024567792898712  -1.0732996600887152 
1.5550080660186736  -1.005508035657722  
1.5970694591580545  -1.069425303237511  
1.5760625970222804  -1.0397076290191818 
1.6297650800216639  -1.1849102611485038 
1.5596978617234039  -1.009215429649463  
1.5877376704398145  -1.0544006071895666 
1.53676102681574    -1.0049146646646157 
1.5296937680148668  -0.9599679791642951 
1.563655019209682   -1.0271549330138372 
1.571133661786651   -1.0276875148965199 
1.5672518361872125  -1.0080241661418468 
1.5617370413033018  -1.0150720814442344 
1.5621933224446516  -0.9969819724823485 
1.5871606210200475  -1.0985174237729995 
1.5575195784292954  -0.9910701306327735 
1.6340275286215291  -1.197791153150559  
1.594711950091298   -1.070033878519573  
1.5209223009204897  -0.9399958983183829 
1.646494555301349   -1.1819090844357847 
1.5368976216343417  -0.9417313587822306 
1.6054319477133117  -1.036758116297575  
1.597704906920049   -1.0929075898413747 
1.5669024309271526  -1.015443212670587  
1.5922344305894267  -1.0934454247401142 
1.5611706195733517  -1.0237012230936708 
1.5884488307851683  -1.0469720495103625 
1.5352497898039499  -0.9686539612969264 
1.537066321413221   -0.9470044212023946 
1.567070560142154   -1.0257720064978584 
1.57266263467718    -1.0401143437621028 
1.6157341390441455  -1.1449788444004407 
1.5380069140157266  -0.9806517170250824 
1.52039848507363    -0.947601839702295  
1.5686899987182943  -1.0203972661152392 
1.5806290079403376  -1.0539340564377093 
1.5633683504211395  -0.9955629153274491 
1.5796948087211402  -1.0775071654018658 
1.6209596505063943  -1.1733299111844466 
1.5735139166229875  -1.0470916318856034 
1.550152776244041   -0.9928207965020859 
1.6476983815162864  -1.197791153150559  
1.5949545305130042  -1.0733260945101073 
1.5878176923224583  -1.042531513491456  
1.5857017737030765  -1.07412178639393   
1.607623037219508   -1.1108646556125221 
1.5775843977408917  -1.0300093447077054 
1.5565970754312985  -0.9882326027696392 
1.6310385695119411  -1.163880564368951  
1.575499516168524   -1.0449975540694072 
1.5591988153014886  -1.0208243256518628 
1.564486658671718   -1.0347715815244949 
1.5406485854864314  -0.9365213596326578 
1.5652354272986484  -1.0309760169243098 
1.5722723599643267  -1.0345031998104184 
1.5687975609053768  -1.0144053691246329 
1.6297337788876667  -1.1530071843757728 
1.5483261407387112  -1.0135942805340117 
1.5647270275965375  -1.0032334631834359 
1.5850879431543443  -1.0578069133887318 
1.5474002793941966  -1.0045132310253635 
1.5809063942557682  -1.0488593230613321 
1.6203068305255655  -1.1824542057113827 
1.545496283784896   -0.9905336821504771 
1.6219931870318813  -1.1877755922793172 
1.555783816677074   -1.0296218202721026 
1.6273456031815647  -1.157120914357734  
1.5745465348361667  -1.0358788724645045 
1.576978548504932   -1.0307415892490503 
1.5325555404352986  -0.9671684267993587 
1.5281383674179918  -0.9548658133452858 
1.6085663958398047  -1.1280497368604956 
1.5455187409500053  -0.986395200838467  
1.5367028780837024  -0.9894645980353881 
1.5431200223796315  -0.9682558452471776 
1.5565348067193547  -1.0154716736981488 
1.6430504694636177  -1.1654942353556113 
1.5496179538008799  -1.0166100397323352 
1.547129965297892   -0.9518719163364696 
1.6379482017486704  -1.197791153150559  
1.571916438484653   -1.0256241225154012 
1.5580542834524715  -0.9624045100441513 
1.5775432179173794  -1.013917073489341  
1.610655807700041   -1.0751869233773452 
1.5715748969030072  -1.0476047335921588 
1.57663770005491    -1.0475771610485125 
1.560856369955323   -1.0288773637036055 
1.6227675718392534  -1.1884327353085151 
1.575010258621966   -1.0395582813200266 
1.6456238596094943  -1.1966604681574178 
1.5270201627073334  -0.9405609656969761 
1.584943014398758   -1.0679323848321145 
1.61659366788401    -1.0795980637946445 
1.6151459520903595  -1.1736718706334932 
1.6017324026010347  -1.0965291533975423 
1.5488350806528055  -1.0049787297294472 
1.6297781787099783  -1.1737598504007174 
1.5545840137534033  -0.9846866176198791 
1.57543639160237    -1.029498242918599  
1.5447865958056306  -0.9643820735651676 
1.5638283865249252  -1.0382963859107164 
1.5638402915589502  -0.9954162063618428 
1.6086993791184088  -1.128853340433321  
1.5748760338435543  -1.0602922489595255 
1.5536864205754934  -1.0042455288911754 
1.566276930054796   -1.0439093990988684 
1.5786012878383757  -1.0505536146424712 
1.5825820494686371  -1.0627753808158102 
1.5829635523936068  -1.0482565686305538 
1.567410201321311   -1.036820661796268  
1.5525107382771468  -0.9883825443023475 
1.5506987160757446  -0.9922507724072844 
1.5518976826582995  -1.0005099080827378 
1.6054179411434815  -1.1705994769706556 
1.5304173074494205  -0.944768379144763  
1.5919022561240859  -1.065629814774359  
1.5517271074172452  -0.9849429765342009 
1.5311970956721843  -0.939933335907276  
1.5530515896119312  -0.9894836757766963 
1.5552345296284165  -1.030373466548618  
1.55007162447302    -1.0154583452133177 
1.5714791977655547  -1.0731212256353064 
1.5820335415753315  -1.0409063044515472 
1.55306574738845    -0.9828409398801435 
1.5674849763440808  -1.0256881521030075 
1.690411541184707   -1.178433479518028  
1.5891094773452739  -1.0946190534256537 
1.619748542579395   -1.1512314546837985 
1.5751110851023749  -1.026182801656494  
1.555406106438852   -1.0137856010685116 
1.551665610420665   -1.0149848976615252 
1.639367322272599   -1.197791153150559  
1.5347253463858315  -0.9744760434775079 
1.5592120741158209  -1.0282994740801512 
1.5542563439818973  -0.9909042807432591 
1.578384217606791   -1.0447293734804513 
1.596809714627125   -1.0964194143307404 
1.5913844765001905  -1.0761702713423897 
1.572996151919265   -1.0222130530611728 
1.583832007777589   -1.070504953001316  
1.6208269894864513  -1.1900672410434772 
1.6287819767315366  -1.1681811537513123 
1.5666816251506988  -1.0349319521601432 
1.5335775855264722  -0.9565517066764018 
1.551189296547817   -1.0047919938103436 
1.5398189718697788  -0.9780745276001059 
1.5578275426033166  -1.0244790331593925 
1.556482177494585   -0.9853046675684047 
1.5663033945234468  -1.0276861959158874 
1.5229325720366904  -0.9301421411980766 
1.611393486941142   -1.197791153150559  
1.6502218765437455  -1.1690935244648015 
1.5552970340597987  -1.013914255083599  
1.5516251711594282  -0.99919773735623   
1.528427819432927   -0.9386264162638422 
1.5771607485292414  -1.0288656610314102 
1.5731383188151584  -1.0559460583424631 
1.600649049449126   -1.0666031452162517 
1.5810943573048826  -1.0461943189285046 
1.5971484605821007  -1.1498492781614784 
1.6169961968233697  -1.1342621349639055 
1.5726880564019945  -1.0351622896955215 
1.6394851281352603  -1.1890651453448635 
1.6127184364793086  -1.1217352024652636 
1.6281553073973396  -1.1089723497550525 
1.5577870609561155  -0.9982660576837945 
1.6178103924553615  -1.1833077928924702 
1.5838745113419281  -1.0465303490657307 
1.548053441338229   -0.9503344382765    
1.585005199846351   -1.0650564738267576 
1.5561844395308633  -1.0122667635210578 
1.5675437481778665  -1.0260277982897068 
1.5860166600391972  -1.0791947414318566 
1.5914276342822509  -1.045919168989102  
1.6261432107705205  -1.197791153150559  
1.5584971178092952  -0.9823168975085612 
1.5494167697885415  -0.9811297378624322 
1.594714829007432   -1.080041524100821  
1.5886923812065947  -1.081297220854721  
1.5727555107411737  -1.0423211829648973 
1.5693038496723508  -1.0309971206773443 
1.5412232376509676  -0.9942742542418336 
1.554710130843068   -1.0165010936266627 
1.5580612711132096  -0.9699692288972505 
1.6072412625835355  -1.0682697367443208 
1.5167419660522914  -0.9342819615942882 
1.529651618387006   -0.9325555550103699 
1.575748009355666   -1.0428836940212902 
1.6084817498278894  -1.1421029294985208 
1.5882650343666085  -1.064710130234256  
1.5517060154003075  -0.9775090182403955 
1.6190386073613643  -1.197791153150559  
1.564248920156598   -0.982208795796493  
1.5761581223661836  -1.039781511163221  
1.541276024052031   -1.0063530397356224 
1.5424038427908726  -1.0069471864006196 
1.5640768084269911  -1.0210713636523494 
1.62963824957666    -1.197791153150559  
1.5487839319971661  -1.0073247208465093 
1.5555960121096932  -1.00512923369807   
1.554138903851687   -1.0224331440022763 
1.5520923398599238  -1.0049050039064344 
1.6219945657615475  -1.1835612237722177 
1.556122286903279   -1.0103005709710111 
1.5667017651174489  -1.0347322155088663 
1.612595188123421   -1.1280755897440358 
1.5291191166590627  -0.9497327428114943 
1.5663421981787202  -1.0330519892000236 
1.5719008491186874  -1.0532575724117943 
1.5863285676709888  -1.0549228324185764 
1.575463737336793   -1.0264581715044585 
1.5879704788026392  -1.0839696774023218 
1.5341895385318376  -0.948118205747498  
1.5544566541422213  -1.0163858363025973 
1.5699681989921193  -1.0419206490907702 
1.5427206406843543  -0.964936665625561  
1.605728076711297   -1.033111370668228  
1.5729484953763997  -1.0229797452780613 
1.6294286050989346  -1.192066587347978  
1.5541188929695755  -0.9846125678988419 
1.5458733225600272  -0.9913552565511025 
1.621363098515798   -1.122359970974253  
1.5536912403006704  -1.000161368742231  
1.5687877706146824  -1.0096369318769582 
1.5578804574277305  -1.0042782815787648 
1.549505079454417   -1.0171195049243726 
1.5250017289253563  -0.9314563575218858 
1.5487266434738876  -1.009717817306277  
1.5247264348659235  -0.9289968191029397 
1.578075883082842   -1.0030150980155426 
1.6355275876527409  -1.1559826609633816 
1.554112842374609   -0.9380856523713323 
1.5330516283013274  -0.9673148666528921 
1.575461494461941   -1.0482435399699457 
1.5778275883326713  -1.0523504217931199 
1.5828469604105264  -1.026199933726012  
1.5730440097629894  -1.0229237990906095 
1.5465335147796193  -1.0012383717262194 
1.5668667665475755  -1.0264629302603716 
1.525695311569328   -0.942038185622873  
1.5749140400816024  -1.031373842839183  
1.5457561440860421  -0.9640440117825291 
1.5497120502233153  -1.0043759914285229 
1.5545754703107808  -1.018695841030999  
1.5866716061498831  -1.0399141295762753 
1.5559148739437496  -1.0003361021872426 
1.5868673020452064  -1.0626750732333385 
1.6107185198882878  -1.161420359041804  
1.6196539650964845  -1.1577269010960864 
1.6455983293067096  -1.197791153150559  
1.5483562702071034  -0.9875026065758095 
1.5957324306558354  -1.0532404906479127 
1.647823868461593   -1.1934562083500508 
1.5820925876557514  -1.0767383078073316 
1.5931346212344797  -1.1039975534834487 
1.535003400619732   -0.9428445317039769 
1.5565312741416644  -1.0079629468111646 
1.587435443022725   -1.0547623712976442 
1.6070604640065043  -1.0953556019266357 
1.560358006726299   -1.0159888935215908 
1.5691728086121939  -1.032285950711776  
1.5421921773608747  -0.9775641787252557 
1.5694398951006616  -1.0000833150028112 
1.5864645168969533  -1.0680782893346528 
1.5188520362483933  -0.9617607174106343 
1.562542256977071   -1.013401333833955  
1.5593079574110835  -1.0196336242814314 
1.5818649645293572  -1.0553250296679797 
1.5697657020825448  -0.9745625689036584 
1.5605939085845386  -1.0154613607328957 
1.5356975371574435  -0.9893298478071606 
1.5702797980855028  -0.992219499973494  
1.5549382573015547  -0.9938322388571459 
1.5519751445411412  -1.0225388145449072 
1.6253990780925152  -1.1545153420197511 
1.555509008057751   -1.0203654285196129 
1.5448705685526425  -0.9801753286592089 
1.5600523247433205  -1.0289091958825487 
1.5670619302970625  -1.0361688653208827 
1.576581300915549   -1.0339696903105278 
1.6003144789676822  -1.0721777037520328 
1.630360041020363   -1.1922676030428614 
1.5762761582010536  -1.0200964862129624 
1.5327558940963228  -0.9538992792410811 
1.5781727941870647  -1.0610718689322514 
1.5831432098127467  -1.056098153911265  
1.5391125923001845  -0.991973419068835  
1.5418592950904855  -0.9695286134095669 
1.6353003590176622  -1.197791153150559  
1.6454327306317642  -1.197791153150559  
1.5785994449971597  -1.0379919450964508 
1.6221016550560416  -1.188380348169826  
1.5401716719041412  -0.9882903480036339 
1.5435307051703429  -0.974979223161115  
1.599113094049629   -1.0833926092023356 
1.6200542562736824  -1.1111702801768504 
1.547069958510285   -0.9894187178601179 
1.564498380127911   -1.0338450184670451 
1.6254329454154062  -1.1866551467251911 
1.6264346979352227  -1.197791153150559  
1.5793859800282755  -1.070913439571958  
1.568066527597311   -1.0375462229832515 
1.554817886916434   -1.011191358345357  
1.6190671581593634  -1.1786028117934149 
1.6530971646755375  -1.1645561255677241 
1.5676428154229616  -1.0376532175807174 
1.5720729163044898  -1.051795779383459  
1.6248369292021727  -1.1793181745035741 
1.5705111530884595  -1.0307636681465986 
1.585657133257554   -1.0361374061845572 
1.5892507931160202  -1.0596977936785226 
1.5674886825066219  -1.01334913828219   
1.5751269005649102  -1.021991395022487  
1.5618092179503464  -1.0064651872962702 
1.5515411412629474  -0.9770330581696736 
1.608162138795515   -1.1482340187231954 
1.5680122782210923  -1.0375960041402825 
1.5405679416532898  -0.983589849739816  
1.612212104703225   -1.1014492541547918 
1.6031812143936468  -1.0779168156263295 
1.540909490946897   -0.9803634483941199 
1.5906631855939477  -1.0655092698869029 
1.5762136904816586  -0.9983867248069578 
1.568060742835308   -1.0481267424286727 
1.6156351205693897  -1.1671803729284105 
1.614464919839722   -1.179452058661742  
1.5575755121362784  -1.0202066356362127 
1.6333177178986216  -1.197791153150559  
1.5634561093881538  -1.0251848819548697 
1.6156647719470156  -1.1254609462444702 
1.6031372606709597  -1.1164886771595244 
1.5283613547585113  -0.9809168952467062 
1.577624532147363   -1.0324999841695228 
1.6202227669491367  -1.194972802872524  
1.5789918619861156  -1.0747233660731321 
1.5888915920281044  -1.0599252308792555 
1.566187893406094   -0.9989980731650595 
1.5663488247653343  -1.0267304003803477 
1.5687635687113501  -1.0311220182924543 
1.5660803322872625  -1.0245252093198434 
1.5847552216660328  -1.0496513116302604 
1.6183989701061388  -1.1567746386741595 
1.5628520397224173  -1.0248161798824789 
1.5804259805706704  -1.0405178657273684 
1.5540884939611666  -0.9956236420815049 
1.604896115734107   -1.063587623994318  
1.5761090417172334  -1.040215703006287  
1.5660269510729306  -1.0081067940691346 
1.6019441621857775  -1.0739064819471529 
1.5313636135195356  -0.9619595160226989 
1.5671658519537432  -1.036940193607332  
1.6389947050488989  -1.1767721435189338 
1.571002027124057   -1.0513264496214747 
1.5485765275641594  -0.9849463534205777 
1.5584419396818978  -1.0365561624708712 
1.5658379993932174  -1.0423268017859566 
1.5639513965436813  -1.0197572436506854 
1.5687840424658586  -1.0192101193253897 
1.5935457236880846  -1.063172020549339  
1.5604256865124355  -1.0218224172142059 
1.6132073967476177  -1.117166577456881  
1.5765625334687465  -1.0189658161280102 
1.5755557639249638  -1.0586359251883364 
1.5669842995265473  -0.9867306875831711 
1.5661421611187145  -1.011889742811589  
1.5989249602310993  -1.073883413929832  
1.5752155251276792  -1.0341741394813952 
1.561107148856754   -0.9926276444151856 
1.5572025844197515  -1.013215767037394  
1.5751815523112347  -1.0164890042508288 
1.6257305264993225  -1.162776949720818  
1.6126120721438508  -1.1575843168154427 
1.5721311871301171  -1.0428392550575678 
1.6252116175512972  -1.197791153150559  
1.6310877894581877  -1.1942776133900066 
1.563946774252716   -1.0471690707381431 
1.6367005743984377  -1.197791153150559  
1.5519680295297553  -1.0200154789668054 
1.553773614777128   -0.996998121230663  
1.57695011688811    -1.0487366766989132 
1.5710884238765506  -1.0033125888334047 
1.6284259126325658  -1.1393265919478532 
1.5909500487456691  -1.0835197247914683 
1.5458986168474653  -1.0079191258269216 
1.6369100236940661  -1.1900033296918757 
1.5729916153083991  -1.004749906590935  
1.5375112679729672  -0.9686975820831676 
1.561253681224799   -1.017942561014702  
1.5728594444887207  -1.0262186300604086 
1.5976955318055097  -1.0514191795586905 
1.6222085735610787  -1.1735731896570198 
1.569732085954534   -1.0475110392722846 
1.5739726852205271  -1.009139474307209  
1.5790206331979066  -1.0572721634985456 
1.5809598999329602  -1.0608199996633703 
1.6235448496592186  -1.1802818058012647 
1.5702346188768395  -0.9877667080246849 
1.575087113776378   -1.0301237603854927 
1.5574009582046295  -1.0259266549226966 
1.6217753257783771  -1.1761948355365746 
1.6255868555776987  -1.165528110231797  
1.5819302447259243  -1.0548190756266185 
1.558832186530349   -1.0167636400015407 
1.5377323455841008  -0.9370970744267931 
1.6135057058729059  -1.1612260988977843 
1.523382584125979   -0.9348209942900738 
1.5700371947143092  -1.0465675805800179 
1.557512363868889   -0.9975939175651612 
1.5446824929853311  -0.9719805365387346 
1.5939945949666816  -1.0984170901704815 
1.5883338702739613  -1.027850396712232  
1.5534030502283902  -0.9883404547818564 
1.5427363676574004  -0.9914915955234597 
1.5399695824621424  -0.9721665411831802 
1.5448391942866142  -0.9623796234106968 
1.5644561501748822  -1.0346529263880404 
1.5483983171899713  -1.0176832520082113 
1.527519356760177   -0.9598008791897821 
1.6166313656640252  -1.1087961002307352 
1.566872023382161   -1.0075889598423207 
1.6143578109289922  -1.078874157269567  
1.5681364862540916  -1.0389240779769995 
1.6011743503314486  -1.0536777907810766 
1.5948856271021818  -1.01528487549347   
1.5847293217554874  -1.0749531118297666 
1.5748557426454834  -1.035937013144692  
1.550775958412466   -0.9833360839366856 
1.683995158890048   -1.1589326251167718 
1.5683161079507837  -1.019765248451476  
1.6840816420993663  -1.1558406407305912 
1.551176482419639   -1.0089202955475318 
1.5548266666717792  -1.0094459669431863 
1.6508056783772171  -1.1780212613869883 
1.5783818893280541  -1.0036945269463533 
1.5521066950778772  -1.0063806547969179 
1.5784416173017373  -1.0086149570481127 
1.6054046319232411  -1.1936465211390836 
1.5858148327405757  -1.070325620715575  
1.625332318691091   -1.1852799959190954 
1.5697248722200612  -1.0094638661831712 
1.5448279079444789  -0.9665882346260134 
1.540474454230567   -0.9742064586798453 
1.5685603973221685  -1.0299795023127303 
1.6177184978487917  -1.1018271490156537 
1.5753985675042104  -1.0156405213087607 
1.5345993537668738  -0.9711657169238924 
1.5203027295681468  -0.9439993160481454 
1.5431673227232632  -1.0145871127361754 
1.538818049616667   -1.003046947378913  
1.5914899532402385  -1.063057203417775  
1.6374887385601138  -1.1956666093891046 
1.561851911085332   -1.0248989716789458 
1.6277643075166062  -1.1636158548611617 
1.5907444988973025  -1.0576680182918383 
1.5863997960489675  -1.0549009354656713 
1.5774056066507902  -1.0518995594093767 
1.5629419073496489  -0.9918080632663894 
1.5593684813567268  -0.9965087257878947 
1.624522896969835   -1.1313474811697175 
1.5526458294419934  -0.9833625777357492 
1.5419666710907403  -0.9733402175951424 
1.5620918711981946  -0.9783098909853964 
1.5566783124458328  -1.0099251797802629 
1.6303744499479236  -1.197791153150559  
1.596045827290165   -1.0556740214418614 
1.53158868181343    -0.9637569131851329 
1.5980510370593934  -1.0923827226799714 
1.5852014736645543  -1.0537487298828647 
1.6109836344999926  -1.1223423875118392 
1.605857715881025   -1.1046899931572598 
1.5900871170471205  -1.0740610508924424 
1.5613282622235463  -1.0215555582801363 
1.5468319809341218  -0.9682887835375968 
1.6395682886580352  -1.197791153150559  
1.609539775005701   -1.086171530519941  
1.5566942384316471  -1.0233596329762171 
1.601531697078368   -1.1030061951287822 
1.6272610209524503  -1.1684779227670683 
1.5868714584165504  -1.066879761806796  
1.6181961838364356  -1.1637627510919875 
1.5668745988052244  -1.0405181249517959 
1.6082175424479694  -1.1775865417497053 
1.5533652942543568  -0.9776887235142163 
1.5642888681182647  -1.0202879945653327 
1.515557371065827   -0.9374901659244893 
1.548647230287236   -0.9974681876764403 
1.5848262626607654  -1.0199716740032487 
1.5656119955572987  -1.0377439295580093 
1.5439049588303704  -0.9833188372417166 
1.6305715280685373  -1.183536478367118  
1.5734176388420265  -1.0442797219043232 
1.5469661080857304  -1.0068350417242549 
1.5973923090191438  -1.1046638808666582 
1.5502597506524842  -1.0136913887300518 
1.580222145111528   -1.0577343380040025 
1.5773778814045976  -1.0228115908857942 
1.5703246715018238  -0.9590668026524317 
1.6336007974941258  -1.1610085715185028 
1.614497199780675   -1.1304804973245066 
1.5646108554590707  -1.0286052130275896 
1.604449001860936   -1.0840250202057446 
1.5305257065157383  -0.9604167363257619 
1.6020779146202915  -1.107523641320666  
1.6191220234744395  -1.1917174149769532 
1.5994046271511524  -1.0786744499628844 
1.6635616725806097  -1.1862445915539126 
1.623990268672957   -1.1534965649468298 
1.6327676882402067  -1.1781770361728723 
1.5503020381697694  -0.9887483244267926 
1.6035244423576163  -1.1142081926345733 
1.5853923287151988  -1.0609353980359812 
1.5474003509733445  -0.9677544223328285 
1.6103680346346565  -1.1466562101493212 
1.6317715627691516  -1.197791153150559  
1.5659920667150398  -1.0378812365005472 
1.554737936534588   -0.9886389749205594 
1.580428734799975   -1.1178433594580939 
1.5584662008618715  -1.0114495969218669 
1.5880322169876027  -1.0545450826411717 
1.5897956030944607  -1.0673440761802122 
1.5184641987545437  -0.935912381802362  
1.5880526859978417  -1.0386416558960416 
1.5559834910162649  -1.022850427088979  
1.6184037022162698  -1.1672248738014988 
1.5823123085750124  -1.0605333913561652 
1.5853687349375283  -1.0544070348684507 
1.5584104070195788  -1.0257643334741213 
1.5532399587622492  -1.017693057503361  
1.5751440816344269  -1.059483588233966  
1.5801242980264658  -1.0302696831333389 
1.6162421692731632  -1.1768099426512695 
1.575890976147455   -1.04818771844113   
1.5387175749996052  -0.9807590279007508 
1.5319810411261316  -0.966925742999022  
1.5829022991396395  -1.051850296942849  
1.5784548941094112  -1.030998182830069  
1.5805512923491325  -1.0025455744198957 
1.549472113470474   -1.0112897660297158 
1.5911174483888466  -1.0529606395474778 
1.5617123415249257  -1.0262045774864366 
1.5674101985927753  -1.0377665196394406 
1.5933342649101405  -1.087186094682735  
1.5599653571305678  -0.9972512888383541 
1.5747256680489625  -1.001530988236145  
1.56953179564529    -1.0214312749988224 
1.5772510733900988  -1.0270771731555903 
1.5331415791272645  -0.9563843929991064 
1.6050008374165454  -1.1141810519413742 
1.5423987223450115  -0.9787257753608719 
1.600571221151634   -1.1888684143439094 
1.6428020545297908  -1.1870526676883817 
1.4471424898597212  -0.8052452253597931 
1.533459481687087   -0.9487353914279973 
1.561587474480628   -1.0241116780571002 
1.5357812804746038  -0.9471024939521941 
1.5583725506364985  -1.008723967132736  
1.617989794903288   -1.1834264388466018 
1.5352791426109171  -0.9795315357607269 
1.617297858634734   -1.1824009737779348 
1.5464395530614317  -0.9712643649491368 
1.6016404494475835  -1.1388077235289293 
1.5588507514811338  -1.005539274241121  
1.5696057167554327  -1.0245125684214031 
1.5584983919723612  -1.0116296004514986 
1.637212637465362   -1.197791153150559  
1.5972594435502445  -1.062222615644838  
1.5937888622121565  -1.0867768723860756 
1.616614280897086   -1.1226082544227485 
1.5832588105753242  -1.0761113641058733 
1.5278194730849823  -0.9694364127220938 
1.6220012583327632  -1.1169507943210701 
1.5655669020019378  -1.023152551103471  
1.5799346529724625  -0.9965857016444886 
1.5940779642495275  -1.0811082547784556 
1.5764098825537545  -1.0275064587970055 
1.6252783699802624  -1.17995762545216   
1.5938588114208012  -1.1114372285670435 
1.6355077243932907  -1.197791153150559  
1.5723407799116509  -1.0496635604287854 
1.5448523299649495  -0.9749201839099233 
1.537759913704146   -0.9737221930585621 
1.5545323684263996  -1.0080137350150649 
1.627666509468987   -1.1847159127470444 
1.5780708340687204  -1.0434603154137643 
1.5701163990838247  -1.037721638561047  
1.575338124018783   -1.0333547235332006 
1.5642497935189397  -1.0166795739481662 
1.5819996331837622  -1.0722841885532355 
1.6234898152106327  -1.172288540713435  
1.5697740172939243  -1.0332436096977635 
1.6138560917633782  -1.169579513240465  
1.667295276046892   -1.1819090844357847 
1.634949583640784   -1.1820706042176161 
1.5680924956849764  -1.0349199655509442 
1.553628557726505   -1.0087772772724055 
1.5556028985957187  -0.9789261601281954 
1.546643570485354   -0.9816360187841802 
1.5332447090163546  -0.9601084435249941 
1.6120586429297437  -1.1510435505781873 
1.5676492792534042  -1.0203174731789713 
1.59073270861849    -1.074540104984943  
1.5271446529403014  -0.9513204791458149 
1.5507053791661622  -0.9912610817765473 
1.5868869483052848  -1.0505289536478828 
1.5750004484072984  -1.0548026471597618 
1.5993882151839407  -1.0717285823798193 
1.52967886751158    -0.9706444363491789 
1.5641437358973147  -1.0449861175013893 
1.6474903562886167  -1.1656846712207458 
1.5611848266703494  -1.0196685056821464 
1.578803401068489   -1.0418894219970585 
1.5942895710088894  -1.0487520799519896 
1.5784003030789722  -1.0380827114660527 
1.584879323356505   -1.065031606546916  
1.5535582060956123  -0.9943353263807174 
1.615451020825255   -1.1885424368421238 
1.5441249562438462  -0.9723654374440854 
1.5915246369183633  -1.0380389859934223 
1.5281031581999736  -0.9467671869134462 
1.5624856829997866  -0.9660403836228741 
1.5641032595314894  -1.040458771300159  
1.4939670723283465  -0.8950861839007879 
1.5843846991616926  -1.0566085577562303 
1.5676641899828228  -1.038951016688191  
1.570871170068183   -1.0315710444358446 
1.5287888177935225  -0.9504936620209394 
1.545775856766225   -0.9609252959854314 
1.5543114156822924  -1.0109637851117166 
1.5902155297740708  -1.0442077837016164 
1.6062149959322891  -1.0987966258413548 
1.6145623153950277  -1.1557898908372215 
1.596062145799625   -1.0953338922747176 
1.5782803730004908  -1.033555994334593  
1.5666498003392908  -1.0434323349683032 
1.5280289422184412  -0.9582236268918936 
1.6069110123137693  -1.1698110806075896 
1.5583038922226717  -0.9881463077303497 
1.575437988458877   -1.0307836158494053 
1.6337498012912097  -1.170836718096917  
1.612699481546846   -1.1202721608529511 
1.5817874823633773  -1.0521315169598457 
1.5827494314728063  -1.0406277841783873 
1.5729313326336276  -1.0083350913040063 
1.6318535189753383  -1.197791153150559  
1.5684987113363562  -1.01901851293282   
1.558249782022441   -1.0215966768425222 
1.5437485423066486  -0.9990323981558771 
1.5641284549169336  -1.032681501231342  
1.5750711246279647  -1.0391424271427705 
1.5292643737301006  -0.9644576110033333 
1.5534234777041216  -0.9853915224319583 
1.534679092156887   -0.9684481419890313 
1.5098816361856922  -0.9760834773864007 
1.601141935862424   -1.0647925297076783 
1.6040786583329687  -1.1152564129602125 
1.61157607980442    -1.0851389564903648 
1.56382726857369    -1.0324345826806804 
1.5382786289288133  -0.9758524412964732 
1.5896354600371092  -1.0869392376413654 
1.5526727989674254  -0.9901523813572173 
1.571392576339156   -1.0136839840944893 
1.5231999981953208  -0.9537626832549432 
1.5528168312270025  -0.9801080453980245 
1.53642777364045    -0.9666103191533939 
1.588588479186918   -1.0567613955805577 
1.5791034432646265  -1.0334471479537892 
1.5318180083811093  -0.9522508028304416 
1.5513987507753864  -0.9864238656647051 
1.541503796226021   -0.9733540786447032 
1.5566125219401201  -1.0065608848734247 
1.6260490605696005  -1.1684752378252663 
1.6114963373130264  -1.1814673506944002 
1.6367647616631138  -1.184602840236291  
1.5359868901634806  -0.9485744109137644 
1.5852561214703291  -1.0526579360697415 
1.5480752568160483  -0.9900883475743448 
