a                   b                   
1.5016497339418178  -1.0032029844784112 
1.4998822746628098  -1.0010524454662761 
1.50286383015384    -1.003508213714586  
1.4984892135771184  -0.9994762937500421 
1.5031738877355598  -1.0036055532847086 
1.5014668122687689  -1.0024736761725475 
1.5021893927754242  -1.0031345661562605 
1.502826703657161   -1.0020598756329282 
1.5041945608263743  -1.006356525799178  
1.502044913896212   -1.0030693744256614 
1.5008799108434774  -1.002466274408587  
1.5021821819771968  -1.002878759375028  
1.5019338843837642  -1.00358589386249   
1.5002502307128454  -1.0007120998303    
1.501293600849371   -1.0020435030970087 
1.5014369289117728  -1.0032680648957621 
1.5028180317694682  -1.00222940333579   
1.5020807388486348  -1.0027280865698416 
1.5022299918380686  -1.0017484114408959 
1.506469278955974   -1.0050397477927555 
1.5049453381215254  -1.0054769035312914 
1.5009205928693627  -1.0015211580951389 
1.5025360061408712  -1.002329746559633  
1.5030588442056136  -1.0027787416946154 
1.5028368380070622  -1.0041690596049029 
1.500814229560849   -1.0019737525170105 
1.500737367947612   -0.9993462264646452 
1.6878105988325913  -1.1819090844357847 
1.5007788539131932  -1.001180003615735  
1.504074155843761   -1.0047368160330332 
1.5045080771154782  -1.0049749006803037 
1.4998678068799653  -1.000874102761359  
1.5008354659295577  -1.0003529775292221 
1.5021368886840214  -1.0030976777749374 
1.4981259283025485  -0.9981465476066708 
1.5009144655503222  -1.00203322730647   
1.4993817373136193  -1.0006146870675798 
1.502804457081028   -1.0041991271887556 
1.5023218199055999  -1.0037814963467269 
1.503434351119062   -1.0045849437934216 
1.5021757487510845  -1.0032770112300673 
1.501064429789628   -1.002234575006196  
1.501457512880851   -1.0020707621865506 
1.5027711986830123  -1.0035007834618943 
1.50358991486465    -1.0034958363161428 
1.5054833864265211  -1.0051607540385585 
1.502824552211814   -1.0028605963916208 
1.5030284424684874  -1.0023086546549524 
1.5006053688500423  -0.9996558194044619 
1.5048140226750286  -1.0051728558831403 
1.4994440132759985  -0.9992213546281338 
1.5002240716252533  -1.000812889024704  
1.4990040691034612  -0.9995973215135238 
1.50261396391744    -1.003947452203019  
1.5001808017159655  -1.001380677035969  
1.5005058619591407  -1.0022813816752274 
1.5021903770393437  -1.0012370991315702 
1.5006608616586623  -1.0021376052195634 
1.5023749478977035  -1.002660066461931  
1.5019895436359316  -1.001991965368982  
1.5011108579209576  -1.002047410740622  
1.4986481849194488  -1.0004974006959133 
1.5000055665063616  -0.999939828478053  
1.5010987417244854  -1.0026681088870364 
1.5014895156223704  -1.0021398043486456 
1.500607908601987   -1.0018595682438625 
1.500265660409499   -0.9994900797931071 
1.5040482191264593  -1.0024947559394188 
1.501103701560928   -1.0016851115789445 
1.500967462658015   -1.001980791306684  
1.5032655133019366  -1.0036914127189716 
1.5006519513187886  -1.0014993530449798 
1.5006872345801736  -1.001930535098014  
1.503307715060025   -1.003760277756439  
1.501394279767952   -1.0022572779772232 
1.499425825379561   -1.0000352971647224 
1.50217956129569    -1.0039065744443483 
1.500142923473888   -1.0000118613627929 
1.5010139184186133  -1.00310141002177   
1.5020979146204119  -1.0033829239300216 
1.5008582442488339  -1.0023033589040924 
1.5040980798540124  -1.0052286814799654 
1.5001491893502186  -1.0014580167244325 
1.5024545061946428  -1.00225336436883   
1.500854662191581   -1.0012204232935105 
1.5029821989794314  -1.0029886577692475 
1.4989318248199646  -1.0004403301483342 
1.5014695745742637  -1.0025394002278785 
1.5054023435798394  -1.0050508382041359 
1.5020339276546566  -1.0032239585655731 
1.5016429064258865  -1.0024322867353452 
1.4998689639905938  -0.9993390769051765 
1.5008356591495893  -1.0020192427198897 
1.5007095870005869  -1.0030886480763614 
1.4964196057110253  -0.9967973216319077 
1.498265388652443   -0.9995063839221958 
1.5014967318397605  -1.0020595706699673 
1.504597250323405   -1.0053316717564853 
1.5012077748134225  -1.0022644441501247 
1.5011678426149184  -1.0003237572443018 
1.499452339599552   -1.0008059047019433 
1.5038659796350575  -1.0033724346223787 
1.500726315714589   -1.001376530310566  
1.501169722768261   -1.002563492499489  
1.502273019540738   -1.0035735965796677 
1.4997424724221784  -0.9997403925863996 
1.4994610815277358  -0.9998386149110383 
1.5008941752949545  -1.0030610151256412 
1.5019959620023628  -1.0023132951287241 
1.5001379231928182  -1.00065117594517   
1.5017352874572383  -1.001477542301971  
1.5012940175323242  -1.0021957755489466 
1.5016288672590117  -1.0041889841291654 
1.5016197311753179  -1.0017101066266012 
1.5010358460155224  -1.0014261382016472 
1.501070555925905   -1.0019465015067979 
1.5006266359962617  -1.0009583870525145 
1.5031288831800267  -1.003637850162974  
1.5014480923291174  -1.0033166737939698 
1.5022790759329827  -1.0020666731459045 
1.503306448459554   -1.002489669592846  
1.5011570145495188  -1.0018325460109463 
1.5011373017909764  -1.0031390390213155 
1.4987997414086873  -0.999048220877512  
1.5008453599107008  -1.0015017498451289 
1.5008614690736102  -1.0016677092389838 
1.5041444059118039  -1.0046542269582563 
1.5008604096530107  -1.002283816736758  
1.5001596100138554  -1.0023822006434964 
1.5024302678015633  -1.0035352472576855 
1.5050802100706258  -1.005063474006886  
1.4964721507567789  -0.9962802011809498 
1.502031623720161   -1.0028017217937502 
1.5010122656469107  -1.001286497583762  
1.5031222551396841  -1.0038062932384841 
1.5001684315082109  -1.001170020641858  
1.4991282166606739  -1.0009457585237247 
1.5078674259086506  -1.0091419591635435 
1.5000307803103634  -1.0009754306980234 
1.5015148521558603  -1.0023797511990207 
1.5017611088821652  -1.0022541496524693 
1.501393489780336   -1.0030408469103265 
1.4998895295044286  -1.0014892024103186 
1.5040639779840634  -1.0049939786601747 
1.5028569111943937  -1.0033718029391616 
1.5018027682658073  -1.0020575594505474 
1.5015124225008702  -1.0034891971310897 
1.5007304317924637  -1.0010861448774397 
1.4998260979994773  -1.0013357999317227 
1.5028223357382684  -1.0022838823735527 
1.500986106629197   -1.0018469686419857 
1.504174173042201   -1.003408731340165  
1.5010037303501074  -1.0026363917443701 
1.500060860486889   -1.0008120419868443 
1.5040408305833837  -1.0054164561174197 
1.5025126387586787  -1.0043994621545238 
1.501670009324186   -1.0025403938054191 
1.5016296415876604  -1.0028712600788219 
1.4999802421947175  -1.000772166913932  
1.5005961077390804  -1.0012804183632114 
1.500649198827111   -1.0016298594959372 
1.5011703396116738  -1.0025248274564917 
1.500251356866127   -0.9998425758681303 
1.5027377500680759  -1.0046947602783975 
1.5041242353102628  -1.0054782036943195 
1.5014752759768053  -1.0014292477771518 
1.4998404790378628  -1.0006876698466876 
1.5020774856145582  -1.003452318540058  
1.5016248881639438  -1.002289747671196  
1.5004295292897247  -1.0008675439222512 
1.5057773003842845  -1.0062243878360329 
1.5021162633771397  -1.0040564897603064 
1.5020372222783     -1.0035450009268263 
1.501335744596969   -1.0012782732885253 
1.5032529218887702  -1.0028196850353042 
1.502136288118618   -1.003473619107358  
1.4999450250811472  -1.0010169148147083 
1.4952858529508248  -0.9942229714549948 
1.5009504449218876  -1.002438963518453  
1.5008583644210869  -1.0015938257919583 
1.5024367811970796  -1.0029002965976999 
1.499302098645303   -0.9995533380542743 
1.5019795403584348  -1.003208849475386  
1.5046453904931707  -1.0055189728877738 
1.5043817924049554  -1.0060860514244157 
1.5005163554232557  -1.000965726581024  
1.502022442889881   -1.0030058699470041 
1.503450690088567   -1.0048726396751406 
1.500830640790045   -1.002343182285915  
1.5040413495403884  -1.0043508406435728 
1.4994287786427865  -1.0004395034433498 
1.505893146796688   -1.00535970518667   
1.505174394338162   -1.0063230215083425 
1.5013189273806367  -1.0020681023554632 
1.4995753885350316  -1.0009838575904417 
1.503104947685566   -1.0043174609002754 
1.503368316633509   -1.003441007105166  
1.4997947805291238  -1.00034404971153   
1.5011733844210084  -1.0024572048109153 
1.503748833324852   -1.0053446726418493 
1.5041960446320357  -1.0050268386472891 
1.5037648814158224  -1.0031262257206808 
1.5024660246887231  -1.0030705670343043 
1.5011727076859775  -1.0033634312299484 
1.5032032219005724  -1.0031692895066109 
1.5028677552907956  -1.0016265279530039 
1.5022859926570447  -1.0018035878192022 
1.4999525689942723  -1.0011671728469906 
1.501662901620089   -1.002615819952845  
1.500301813795471   -1.0009115337081336 
1.499444115864101   -0.9997894235455678 
1.5031857498456533  -1.004363832673683  
1.5031686190966131  -1.003779828299442  
1.5035512643814561  -1.0056853889927313 
1.4992496872497414  -0.9990986286948194 
1.4989365228075593  -0.9987131062597085 
1.5008613463983556  -1.0016611623314193 
1.499696862482287   -1.0025722368769105 
1.5010942191110832  -1.0015688579787438 
1.4995649298672646  -0.9998884491889328 
1.5001488765870084  -1.0005373671014597 
1.5053972903389465  -1.0054799217549928 
1.501270543434842   -1.0025906404238123 
1.5015418690241689  -1.0022418173712377 
1.503922980287739   -1.0037416857291597 
1.4998660720366668  -1.0010010197578343 
1.5011174064414927  -1.001557246533519  
1.500091500088775   -1.001500710220368  
1.501757818282507   -1.0035922643596578 
1.502984822005938   -1.0031818750593495 
1.5012056241674907  -1.0013540036767385 
1.500003106166332   -1.0011875033385913 
1.499435599069332   -1.0003188484876877 
1.5000121311270522  -1.0004916932623908 
1.5029842241050793  -1.003480246746913  
1.5002057821873853  -1.0005621306286865 
1.5029641079784348  -1.004733055862644  
1.4984967348827611  -0.9982612364864532 
1.5011276854746645  -1.0010857386638135 
1.5017831131680408  -1.0036759034464366 
1.501195362869763   -1.0016713487677007 
1.5019547349200164  -1.001793185120666  
1.5012877634971038  -1.001838911033682  
1.497302338134668   -0.9977959759522754 
1.5035109748527449  -1.0038327574903805 
1.5004479475078716  -1.0019640325953485 
1.4997672832158908  -0.9998125720251018 
1.4988356743680327  -0.9990123211856269 
1.4953300218458694  -0.9963677813917069 
1.500984656216759   -1.0027799980525005 
1.5024289253137912  -1.002448623531612  
1.4992859322332368  -0.999832970078198  
1.5001774411862367  -1.0014551011211907 
1.5017188715556082  -1.002741311654923  
1.5026471890059163  -1.002119462187492  
1.501558954108728   -1.002973895518778  
1.4990809774868208  -0.9996612370019161 
1.5012935799511384  -1.0022205702007079 
1.5016552743567766  -1.0026895745483424 
1.5024710680802982  -1.003376802213759  
1.501442718243345   -1.001662820853719  
1.498431198186665   -0.9987364100555217 
1.4997376802521696  -1.0009915181968414 
1.4992733600550356  -0.9999659057151533 
1.501859990604568   -1.0024239499342713 
1.5031154756261982  -1.002915326246032  
1.4995366259037677  -1.0003772358752059 
1.5008217701825646  -1.0029394917829628 
1.4987200465035309  -0.9994729460376445 
1.5009757904367567  -1.0012620503908887 
1.5002063389684854  -1.0007602239712097 
1.5035620332923474  -1.003709236608309  
1.5055690414891452  -1.0052834593536197 
1.4978228582333644  -0.9986045587474796 
1.5003728388354816  -1.0006905637653465 
1.5035637028471398  -1.005747721469061  
1.4985022604720677  -0.9998740273925281 
1.5026708227182712  -1.0043641920156323 
1.4996159668734463  -1.0008996148929061 
1.50195774629868    -1.0040518580815305 
1.5030804089649255  -1.0043403232955932 
1.5010198416733445  -1.0016036724362518 
1.5067241714319166  -1.0060920040001549 
1.5014563415880606  -1.00186123654979   
1.5034477114657427  -1.0033281738517768 
1.499345430265433   -0.9999938315027805 
1.5014614423036199  -1.0022769691669975 
1.5025990439420416  -1.0029516816139417 
1.5014524069679818  -1.003389927455809  
1.503415897561698   -1.0038794871321237 
1.502114236103734   -1.0028267850358579 
1.5007458238717613  -1.001994074425006  
1.4977087312485569  -0.9978420696865383 
1.5057136928380117  -1.0058619372860615 
1.5008230819540822  -1.0016831219993747 
1.5015430201761315  -1.0027701346077629 
1.501869283280845   -1.0023033787784799 
1.4998818814146677  -1.0000631851518054 
1.5035100685552059  -1.0031983282266754 
1.5010225167822515  -1.002434953822343  
1.5009737629614834  -1.0028813464207198 
1.4978778356875713  -0.9986114952255226 
1.5024361174939187  -1.0031577658981974 
1.5022614593806258  -1.0030260699076627 
1.5033134783686322  -1.0024783032806173 
1.5000632539795562  -1.000698368731328  
1.5009489362383064  -1.0021101827895917 
1.5006414049950947  -1.0016023218243268 
1.5008945417582744  -1.001389684695621  
1.5008994900325603  -1.0020078835704993 
1.5025742083874787  -1.0030622420277326 
1.5007258083935804  -1.0010720058161557 
1.5024817101842252  -1.0036944746062881 
1.5013045815702355  -1.0016880771818901 
1.5017719753382226  -1.003812051159918  
1.499242388983432   -1.0002732919139674 
1.504240714854833   -1.0046568490372942 
1.4998531897808143  -1.0012981950063058 
1.5010316750061639  -1.0017506861629575 
1.4997384697159468  -1.0018318287596146 
1.5047284216096126  -1.0047795087491587 
1.5008598899213637  -1.0022812183382614 
1.5005393345516571  -1.0014351010322848 
1.5008475145707496  -1.0013952579569882 
1.718924359838302   -1.1862445915539126 
1.500683010077415   -1.0015300592679326 
1.5047380553098795  -1.005950152995943  
1.5026455519746573  -1.0037890844598651 
1.4991450885288033  -0.9999458770554738 
1.5020851493391258  -1.0031931048360667 
1.501886014825394   -1.00260073204276   
1.4997046584192657  -1.0005944695148283 
1.498592802882762   -0.9988114291007504 
1.5022648409065786  -1.0029692051710806 
1.5002163473072987  -1.002024677643924  
1.4987501504534222  -1.0006080238311366 
1.5033641120041967  -1.0028403876146534 
1.495968164097472   -0.9967200191006542 
1.5045448474073508  -1.0061820133597137 
1.500918039368521   -1.0018072041084605 
1.5007798588589771  -1.0017518050064915 
1.5040949966195174  -1.003686608783208  
1.4997950286581438  -0.9995997849344714 
1.5015946084201544  -1.0015524508191802 
1.503311737702853   -1.0005866910207708 
1.506231141316858   -1.0057846461235853 
1.5026455440639057  -1.0048504412211539 
1.5013038247523218  -1.0018790597675689 
1.5027553983585058  -1.0026077300504095 
1.5015360974074277  -1.0016594765986935 
1.5015929507432457  -1.0017153622698567 
1.499835191537709   -1.0013165509005553 
1.501852690064455   -1.0017481491461186 
1.5014332911432222  -1.0027423536277156 
1.500911764295958   -1.0023068330844376 
1.5004097743010065  -1.0016638066357908 
1.4988148233355076  -0.9994483292657408 
1.499344634514281   -0.9995386745282087 
1.5000129855711821  -1.0005975382817363 
1.5015425781384586  -1.0034572483661706 
1.4988867672110533  -1.000079876424952  
1.50182611480138    -1.001502573510573  
1.5022367737363365  -1.0025216945578015 
1.5005876435231766  -1.0026597764649487 
1.5004881165663064  -1.0008082605624924 
1.4991271054335786  -0.9984244414270019 
1.5003749698405897  -1.0017308174214918 
1.5046642405021313  -1.0055095577817483 
1.501068693070985   -1.0024622526299465 
1.5052829392003988  -1.0054500258628483 
1.503320642728526   -1.0034780373682395 
1.500554648817652   -0.9998388799289423 
1.50208282083717    -1.0025923441275166 
1.5008653987946334  -1.0015128272443137 
1.5003292902585184  -1.001427913587408  
1.5004802859006463  -1.0019439062180173 
1.5032316912056893  -1.00484958198799   
1.5012726260945277  -1.00247721898279   
1.5007410646320547  -1.0019738844742547 
1.5013800992782946  -1.0021768439870915 
1.5001347300732284  -1.0005667761952501 
1.5002043801117144  -1.0011181776681075 
1.5034906523745681  -1.0033970920125301 
1.5024911786055877  -1.0043330981200342 
1.5022710121259266  -1.0033327395430094 
1.5008831229948885  -1.0019751195547744 
1.5019249401066237  -1.0031264213116609 
1.500027957540692   -1.0005425747068848 
1.49740104319049    -0.9971647085565338 
1.500063789410873   -1.0012627945042742 
1.5005557259126716  -1.000778896440826  
1.5013575325196657  -1.002347400683341  
1.5037334822279425  -1.0046520386897329 
1.499777178660494   -1.0017013784958966 
1.5000050052484555  -0.999459474174788  
1.5033719097393952  -1.0038015867580474 
1.5009365540543849  -1.0023190624653775 
1.501147318434846   -1.0016007501559914 
1.5008332133033413  -1.002211175859983  
1.5015749184749125  -1.0016925895562905 
1.5034158829420001  -1.0043257168961794 
1.500745471394274   -1.0034648292150468 
1.497375300556702   -0.9977459011514179 
1.5004320454736244  -0.9996894928503062 
1.5018010735223097  -1.0026146467078727 
1.5002065724814149  -1.0003076196288057 
1.5006174439902695  -1.0014115064868883 
1.500952300454708   -1.0023051675987151 
1.5013717356015335  -1.0022849437238415 
1.502056721647074   -1.0030321442974846 
1.5004200365066296  -1.0012854786379703 
1.5008535981161686  -1.0016749486359422 
1.5034197252564212  -1.003193122602001  
1.500383648327337   -1.0013601910645658 
1.4968875246729079  -0.9979575959025134 
1.5040820270519466  -1.0047365952883884 
1.4976573630877077  -0.9979744443555221 
1.501614042100476   -1.0029876708556527 
1.5039365867790004  -1.0047736764025776 
1.5004160817562777  -1.001600444087069  
1.5020344065996143  -1.0032007122709339 
1.5005316752415863  -1.0006944588781614 
1.5011682139243117  -1.0017387219135114 
1.502653730002188   -1.0025740647360248 
1.5020946837210671  -1.0031043684697312 
1.5019291044162966  -1.0026237540206078 
1.5034660534907802  -1.0041165686431028 
1.5007378962317832  -1.0017579788068274 
1.5003211218841628  -1.001218170505148  
1.4988021592068348  -1.0000141274488203 
1.502946201533494   -1.004154697522916  
1.5023499635795288  -1.0040431521320243 
1.5046196436380643  -1.0037785173043543 
1.5007563233467074  -1.0017428689947845 
1.4998521765166812  -1.0002353779974522 
1.5015829268808578  -1.0016135245984246 
1.5004929677389915  -1.0023727162576026 
1.5039445741474606  -1.0045282075498427 
1.5036190152695477  -1.0032658481710532 
1.5012135890896587  -1.0010268104046247 
1.500958842725912   -1.0018693334073316 
1.4975790947781342  -0.9967937171282828 
1.5028335329424178  -1.0032071533573532 
1.5014800388050544  -1.0037848352653327 
1.502582609728092   -1.0026377581916588 
1.5034057905091938  -1.0047554274721644 
1.5021172861708725  -1.0028127863751553 
1.5026559232921213  -1.0024593340419492 
1.5017728331415499  -1.0028545259033186 
1.500237131792345   -1.0012019273559802 
1.5000858627952305  -1.00144236388617   
1.5025676238741061  -1.0019257744608447 
1.5003468475957558  -1.0007712257399384 
1.4999406593052307  -1.0012097196211283 
1.5028712479826376  -1.002667650511974  
1.4951211786459921  -0.9955388544749165 
1.4997561205686936  -1.0007470235464277 
1.502931099278888   -1.0041502843154417 
1.4990903592524336  -1.0004990851155395 
1.5006419991969273  -1.0012536198674218 
1.4984317425970803  -0.9999494888197341 
1.504072751667114   -1.0056517482638048 
1.5021317145821371  -1.003927409625231  
1.501033077220294   -1.0023479778471198 
1.5011617548999292  -1.0018052389941845 
1.5029245132771443  -1.0022579397072389 
1.5004693854303015  -1.0030895450540023 
1.4993857664446686  -0.9997532203768768 
1.501838984251417   -1.003483523539097  
1.4997352951344285  -1.0009012778107171 
1.5005196254785838  -1.0010340578399053 
1.501238757940852   -1.0023651718608144 
1.4997816824506056  -1.0007836266054837 
1.500494375114441   -0.9996382300639085 
1.4997003016266637  -0.9997995800280401 
1.4960892795315215  -0.9969675546478    
1.5012783689816203  -1.0022782597440312 
1.5044934113920168  -1.0041281567045799 
1.4981362161769196  -0.9978898767046673 
1.5009142740268744  -1.001664600146374  
1.5004349000896087  -1.002034133079559  
1.5034250827144402  -1.0044936015066115 
1.5022232542054104  -1.0036032413725031 
1.5012820573361063  -1.001743734567361  
1.5033250225346046  -1.004907953409973  
1.501065350055426   -1.0015417871816852 
1.5019983608388192  -1.0021464045724586 
1.5023519396785723  -1.002486245781567  
1.5039726079334548  -1.00488741312844   
1.5009942089801815  -1.0018431550879854 
1.5020915968898638  -1.0038313255069538 
1.5038369298553174  -1.002382328892319  
1.5021284210302308  -1.0023542440408075 
1.5028404613416775  -1.0036832529084454 
1.501574664106706   -1.002846460325929  
1.5016321517008206  -1.0022350730981333 
1.4986576841177333  -1.0000402895861127 
1.5020060785833678  -1.00281625986091   
1.499747812587816   -1.0011851853121154 
1.5006589422694998  -1.0015055920518858 
1.503483951299591   -1.0038396434618295 
1.5028375983250652  -1.003474022638699  
1.5039241539675605  -1.0041869196638666 
1.5008245113886063  -1.0020377912854552 
1.4999606219443093  -1.0004277361325808 
1.4991223774275075  -1.0009849329988296 
1.7165841137632294  -1.1862445915539126 
1.5012957874160298  -1.0019315652719274 
1.5048092006337808  -1.005272813428687  
1.4996851840364291  -1.0008533596311293 
1.4996565750373334  -1.0007141161224005 
1.5010362238450092  -1.0025766586949423 
1.500508413700585   -1.0008285659944922 
1.5027508139566428  -1.0034581711382424 
1.5010467293352447  -1.001567304146377  
1.5006802601205136  -1.0016965270077323 
1.5042661207922823  -1.0053574464902497 
1.5009943960026133  -1.0015779797808706 
1.5011400479723465  -1.0016356003245546 
1.5003852465328007  -1.0006247130072021 
1.5024336544698116  -1.0024443278676236 
1.5009095448263012  -1.0022903065295063 
1.4987019195073228  -0.9999892408390216 
1.5004782611054273  -1.0022304686690302 
1.5005482661426515  -1.0014150774436072 
1.500417230448539   -1.0014644791153084 
1.5016061530326075  -1.0026156357431624 
1.5016550473254175  -1.0022040311376539 
1.502636348275686   -1.0029633526357025 
1.5008251071841199  -1.001532322684755  
1.502760745288691   -1.003537581275546  
1.5006099136915778  -1.0024590436644303 
1.5006941024574632  -1.0033398440533787 
1.5005395942060467  -1.0005419508836721 
1.5014544417674205  -1.0015332965689387 
1.498614390613489   -0.9998029879987796 
1.5023865854838012  -1.0021352170938722 
1.5013304093178352  -1.0028759231193047 
1.50021452882589    -1.0021796138905288 
1.5007150824911046  -1.0016782854405568 
1.5021139983707752  -1.002812838997818  
1.5019740509802375  -1.0028574039600895 
1.499860875806262   -1.0006639302856886 
1.5017052292356108  -1.0031484928850631 
1.5007993546016527  -1.0006599036067831 
1.5052438762493614  -1.0063230409481196 
1.5004455026063563  -1.0013225683197884 
1.4999635065033503  -1.000731654330836  
1.4969045146838422  -0.9987910707896249 
1.5019713034835553  -1.0030185681539086 
1.502388538955299   -1.003242283999052  
1.498342113085629   -0.9994716347877525 
1.5049577353569614  -1.0049418106138341 
1.5008984985460583  -1.0019475832380054 
1.5004777677237868  -1.0012252966547128 
1.496613917494504   -0.9965681135443379 
1.5036745008095225  -1.0019211172495721 
1.5014296498542605  -1.002342404416689  
1.5036994828441912  -1.0037050958585214 
1.5011424412740917  -1.0024549542231833 
1.499325333885573   -1.0004416186281604 
1.5006015269945367  -1.0008531772825433 
1.5021072563763807  -1.0021331240648006 
1.5028081878547526  -1.004814355763773  
1.5021070940541175  -1.003130614888568  
1.501747195847168   -1.0022677663777748 
1.4998425842860448  -1.0016799686467635 
1.5003813066464093  -1.0028017163309777 
1.49934047246248    -1.0007302857969005 
1.4997005819620053  -1.0003406392391916 
1.5015877091886798  -1.0023361234356283 
1.501145622458258   -1.0021088664705096 
1.5017595284709817  -1.0032984641627398 
1.5007028655281816  -1.0018367170613767 
1.4997302024000565  -1.0006235339913048 
1.5024506452051636  -1.0027684316018546 
1.5018534262533638  -1.003737000359277  
1.501445567481936   -1.0032394609805357 
1.502645433766351   -1.0034195156497203 
1.502704310730277   -1.0023331837842535 
1.5012500315728876  -1.0038752261219221 
1.502711112979108   -1.003118276164756  
1.504882016849621   -1.0051267199832137 
1.5027502631732188  -1.0031099769859322 
1.5006138677293817  -1.0015369286614775 
1.4997118255934185  -1.0009327088893532 
1.502688856789827   -1.0046634787012885 
1.5013615491092946  -1.002401985268241  
1.4982855664376942  -0.998220690819962  
1.5012508299827094  -1.0023203784940427 
1.5017666355540729  -1.0020882088437522 
1.5028315235556848  -1.0038842575413671 
1.5000144782258225  -1.0013013721447845 
1.5010308613802512  -1.0019952877313845 
1.5011201665340101  -1.0023083784106994 
1.50285644996816    -1.003665508382651  
1.5011408908288884  -1.0027692727724244 
1.5005305336556352  -1.0026404868097056 
1.4979446291801373  -0.9987202268438244 
1.501153364457868   -1.0023426406464298 
1.503847404813081   -1.0046945116364658 
1.5006286014054933  -1.0017597487461831 
1.504753168163331   -1.0043487463114333 
1.5023004420796884  -1.002487201064441  
1.5040625503130645  -1.0038913735063566 
1.5045343041571186  -1.0041847081620683 
1.5017013298199413  -1.0020778786986222 
1.5013183684674343  -1.0017232640227411 
1.5020690743929535  -1.0020971894519042 
1.4997203295764783  -1.0003453148296368 
1.4991148145425204  -1.000722308983385  
1.5006824700886385  -1.001778410175534  
1.5022965593016797  -1.0034203037852807 
1.5002707457277082  -1.000367640210597  
1.502583085120871   -1.003168864447523  
1.5015503765955809  -1.0014704651001947 
1.5004094269715718  -1.0011434954137983 
1.5002067635712417  -1.000408201152533  
1.5044785137858012  -1.0049095019773135 
1.4997747532946264  -1.0002642537448208 
1.5013834830776263  -1.0029039148773924 
1.5023786368266132  -1.0017396804488374 
1.4999577395987354  -1.000990188984897  
1.4985097067848991  -0.9993144759219638 
1.5011301599675548  -1.0025196116990078 
1.5018551912420013  -1.0033369451560943 
1.501899860711255   -1.0035824430934726 
1.503422796410964   -1.0033801863217893 
1.5002797069314129  -1.0013648922215126 
1.501379666967959   -1.00194931148934   
1.5025107673283187  -1.0032390021058957 
1.5010148301564028  -1.0026244520135315 
1.5007011038999203  -1.001583994237375  
1.5045733996822621  -1.0051028443027907 
1.50586452926821    -1.0057270256438358 
1.5018467710447503  -1.0025227676897288 
1.500751534413662   -1.0018598450246743 
1.5021418914681983  -1.0038488713099651 
1.4981417091327194  -0.9977283015968664 
1.5030308197958697  -1.0025660991384677 
1.5019812702178277  -1.0028774682782426 
1.4996801077823443  -1.0013949037480523 
1.5033937134049515  -1.0036869628581302 
1.5052905662931229  -1.0061407973071488 
1.4997625902192375  -1.0015170127526531 
1.5014702376832276  -1.0026708148960197 
1.7613008618370851  -1.1862445915539126 
1.500168537483658   -1.0019013289381205 
1.4973847410721504  -0.9976638211356584 
1.5007181339163893  -1.001679305613393  
1.5001610689178093  -1.0011451085054517 
1.4997848752378606  -1.000612410164013  
1.503525393643763   -1.0045982388936334 
1.5026552070303836  -1.002548292556677  
1.5014463973657792  -1.0014896122224617 
1.5003775482693327  -1.0005734081908233 
1.503592796077423   -1.0049523977143544 
1.50364948984139    -1.0046516420565683 
1.503679402797692   -1.0039864184227325 
1.5013692905646256  -1.0008807068632122 
1.4993848057412356  -0.9997810423036312 
1.5003050551247712  -1.00162073529483   
1.5027140921723614  -1.0038202876706448 
1.5017653161131226  -1.0025524486185096 
1.5015817137493248  -1.0022435894386272 
1.5037324790168298  -1.0041991610837107 
1.5032975665270298  -1.003807605176472  
1.501795863963695   -1.0027759616622236 
1.5003041666001076  -1.0013114388588065 
1.5049037806400483  -1.0038447649000979 
1.5017791390694892  -1.0023155705478584 
1.505391641548521   -1.0056377046595015 
1.50762076012075    -1.0061350774190436 
1.4989672545012729  -1.0009672002387517 
1.5022518017966702  -1.004142665372313  
1.505896905503696   -1.0067326191211436 
1.501051761654439   -1.0014331657623952 
1.5018240525261943  -1.0035429570303342 
1.4999318499892558  -1.0013441388665105 
1.501544415948081   -1.0028013170656693 
1.5025139393990776  -1.0043746814024312 
1.5011501416257802  -1.0021038682917953 
1.5012409355855694  -1.0025686479225724 
1.4996674645840515  -1.0012763819542778 
1.5011244441688592  -1.0018919657073804 
1.4990060782566543  -0.9993920452200289 
1.5012300582308     -1.002210471003833  
1.5008863723217802  -1.0007658778874677 
1.50406676529059    -1.0048803932989558 
1.5024260961703058  -1.0038574657701902 
1.4988667138693714  -0.999844254271673  
1.5012760718146294  -1.0026844655991214 
1.5005770171668837  -1.0015833297156238 
1.5052805294739724  -1.0070804632120964 
1.5006300093707658  -1.0006641744426492 
1.502570689586749   -1.0033515622766487 
1.500716034691666   -1.0016745925519042 
1.497493536539615   -0.998531193899581  
1.4994942656359616  -1.0002927269317448 
1.5003817573824108  -1.00155002224069   
1.5058053141927714  -1.0048617834924318 
1.50286902112421    -1.0043244106014206 
1.499080002308215   -1.00050144115032   
1.507023429358337   -1.0067570771708967 
1.500975282351501   -1.0015432239528614 
1.502988984815353   -1.0035346329900987 
1.5031054615976807  -1.004500455630053  
1.5006010006328798  -1.0014654523317925 
1.5002818693180642  -1.0006253831854468 
1.4981378824211613  -0.9994449261734482 
1.499584980413904   -1.000792205334813  
1.5003520587361276  -1.002215094948355  
1.5008385833247486  -1.001655510855201  
1.4968600772472973  -0.9967696849672426 
1.5032732103178     -1.004492819696093  
1.5021402716619467  -1.003352821156627  
1.4981898200740849  -1.0004243451704231 
1.503286369311519   -1.0041356396046262 
1.501937775274904   -1.003040297977367  
1.5021631035473373  -1.0034730953128406 
1.5033807202903482  -1.0041955045788526 
1.5024819381546946  -1.003641175433066  
1.4992616557593663  -1.0002087946988798 
1.50042183182929    -1.0023785240088101 
1.5049636974754301  -1.0050222165651423 
1.504889812751728   -1.0059826819321553 
1.5001853573862929  -1.000920597312585  
1.498887879443037   -0.9996441294078979 
1.5013008680708164  -1.0017812311960512 
1.5015960251855773  -1.0015376341794333 
1.5016242412060468  -1.0035493975263388 
1.4972872175325327  -0.9987689528947957 
1.5018981099637834  -1.0024870438807538 
1.4993819700487567  -0.9998918740036123 
1.5019306541646253  -1.002210856014527  
1.5009709000463534  -1.0011484760253018 
1.500628848137064   -1.0018237243867611 
1.500405243674767   -1.0015393915813333 
1.4994332192495896  -1.0002189951887785 
1.5014260456004653  -1.002530927469099  
1.5010818915620014  -1.0020522836054442 
1.4996812905507535  -1.0006843988708454 
1.5035765498817586  -1.0047993058238274 
1.5010598340367822  -1.0021076426661566 
1.5002702964548371  -1.0016103783759995 
1.5021872918007317  -1.003411583224788  
1.5035356172461296  -1.0037655447234566 
1.5069034920651412  -1.0066378905509064 
1.4999702599548406  -1.0011304103911438 
1.5038838057392998  -1.0040158441002045 
1.5007329452414444  -1.0017244251878306 
1.5016948668699728  -1.0023721765793412 
1.5011307938510339  -1.0026542026259835 
1.4986783805615727  -1.000270809838024  
1.499422490589487   -1.0013121322610359 
1.5004635470544327  -1.0005871192676203 
1.5024074562263083  -1.0025947223905007 
1.4994237136530948  -1.0006868243217182 
1.5006873011754631  -1.001647466017162  
1.5013034649973853  -1.0012123197428218 
1.4996945282979595  -1.0000497193095357 
1.5037800664830614  -1.0033476801068095 
1.4997071429523028  -0.9996963952121662 
1.5031862066269137  -1.0034854616573377 
1.5010885532643925  -1.0030099296272705 
1.5053800448377164  -1.0058659906982765 
1.5002012832941363  -1.0000561634350191 
1.5049133886176853  -1.0063592427724115 
1.5005259614924764  -1.0004426177686163 
1.501524184102635   -1.0024439705949217 
1.2303126535062228  -0.8052452253597931 
1.499187586620851   -1.0008072261346237 
1.4999847806005042  -1.0008484744848634 
1.4992563362674987  -1.0004719466888892 
1.5058257888419726  -1.0058850679869316 
1.500766568601239   -1.0029407963453187 
1.5039693264312146  -1.0043895840332184 
1.5033726056976062  -1.0049076718754146 
1.505706846714269   -1.0060858585824608 
1.5005031287516715  -1.001354182800624  
1.5017622343127794  -1.003174714351111  
1.5018607758867955  -1.0020662413080343 
1.4999639401433855  -1.0010034151280902 
1.5005684532049686  -1.0011577733710058 
1.5036440862032023  -1.004075045638983  
1.5004704581130541  -1.0007325494407755 
1.5018424451019474  -1.0018619297878815 
1.500011029537245   -1.0000515279649036 
1.498372121863674   -0.9991938410372113 
1.4948335461141475  -0.9953327477001798 
1.4976406151292443  -0.9984073715169344 
1.500093519687674   -1.001337499257874  
1.5013766579568684  -1.0014495636690406 
1.4949573854811864  -0.9953365027638388 
1.5022794756157443  -1.0021095976290262 
1.5006171106507744  -1.0022248959653761 
1.4984833248884386  -0.9978773936621009 
1.4999217702163385  -1.0015059357958858 
1.5012434108919313  -1.0037259429264997 
1.5006913541346394  -1.0019396822788307 
1.4988414601313564  -0.9995722050073362 
1.5105765688231279  -1.0090902621341336 
1.5008036433937018  -1.0013843901332036 
1.5104372427243486  -1.0107243731553461 
1.4991899632479015  -0.9994169171951562 
1.4981483657248083  -0.9993996214575738 
1.5042036595007886  -1.0038630422472463 
1.5008516960481124  -1.0018361560628704 
1.5002000434229594  -1.0008960363933317 
1.501761435124626   -1.0031520724337037 
1.5007058967071234  -1.0027469352431653 
1.5020033547654998  -1.002853453160567  
1.4987549652791483  -0.9984640154371798 
1.4999156591806475  -1.0004013684833732 
1.5022033212012045  -1.002911150318007  
1.4997453123851254  -1.0010665773253147 
1.5020812072241745  -1.001338539707127  
1.504206109081258   -1.005908369875706  
1.5012854427243718  -1.0033741607004727 
1.5004348573343707  -1.0003295692055458 
1.5041667660039597  -1.0031403135617092 
1.5056392009652404  -1.0062120558788747 
1.5045340291118143  -1.0045269747474543 
1.5025442293155749  -1.0023346926376593 
1.5017151240097604  -1.0012214210338364 
1.496774376093823   -0.9972355794883982 
1.5062316060058536  -1.0067446671770428 
1.5000938691808814  -1.0007419134754825 
1.5001926522830187  -1.0017091405425946 
1.5002623662203152  -1.0025702219105646 
1.4955673207247018  -0.9963808556428968 
1.5024279307076367  -1.002962169588189  
1.5018357926611652  -1.0018211418615663 
1.500219761802054   -1.0020909479962465 
1.5024536859134714  -1.0027610659006014 
1.4993505909457299  -0.9992937146901907 
1.4993950603044839  -0.9999505104381141 
1.5021628371850213  -1.0016106321730278 
1.5003145652950687  -1.0022126759779824 
1.5010241831041546  -1.00226801082493   
1.500615416179311   -1.0019723259626603 
1.5000091268924896  -1.0021045778879716 
1.5018281314422917  -1.001886671146487  
1.7088162201683712  -1.1862445915539126 
1.4991660538438696  -1.0000579099546776 
1.5042806288410204  -1.002716204483716  
1.503659852537922   -1.0031215570748768 
1.5043120948146067  -1.0050708856712753 
1.5025304151541135  -1.0038147593510887 
1.5043659626271901  -1.0044547483956328 
1.4997552670837442  -1.0010504130450246 
1.500793781661797   -1.0018847585325523 
1.5010733325816359  -1.0026356565133545 
1.5034898278199578  -1.0033158659809234 
1.5008484578727563  -1.0022609377956695 
1.501580015381644   -1.0029894257070708 
1.4971281562783236  -0.9984162750703955 
1.5003173825587135  -1.000263398300036  
1.5029710839849753  -1.0027696278325822 
1.5013485480805633  -1.0017043170326143 
1.495324933579982   -0.9947546424198276 
1.5011120925665988  -1.0025759339936413 
1.5034229200264788  -1.004684986265514  
1.501892313974474   -1.003179766365526  
1.500983938438475   -1.002975338113341  
1.5008172181711326  -1.0006745592030655 
1.499460344477198   -1.0005245893659391 
1.4969197124307598  -0.9975913480581804 
1.5008184767212875  -1.0012815588249124 
1.4980967172861481  -0.9975157840786575 
1.5009204886780483  -1.0018172713483406 
1.508510052061166   -1.0093076837238886 
1.5015569417730648  -1.000901668577314  
1.4997749924899677  -1.0008978736883722 
1.502463043504549   -1.0025805258047864 
1.5013040573482137  -1.0024582756392055 
1.502909359449069   -1.0024328250197898 
1.5004852724347768  -1.0012912641710556 
1.4976000790308512  -0.9987861803490434 
1.5006696678563904  -1.0020070035322586 
1.4996911514504454  -1.0007644835324458 
1.5010978096485699  -1.0021273493266076 
1.502064772640928   -1.002032465155513  
1.5019275532294973  -1.0014073247706394 
1.501851385025222   -1.0028023582915586 
1.5006264218640517  -1.0006538894466106 
1.500915348795695   -1.0017670999306787 
1.5021360520645335  -1.0016166498731436 
1.5032756919187344  -1.003134690121266  
1.5034142242452677  -1.0052919022043805 
1.5041235652512608  -1.0060734437559506 
1.4982986933244888  -1.0000612603046757 
1.5057557204979166  -1.0055962436012322 
1.4986283285501283  -1.0002800069690037 
1.5033090352059586  -1.0046100060677297 
1.5017537471860365  -1.002398425165737  
1.5025232396698127  -1.0029387389734619 
1.5024047490921835  -1.0027680418370357 
1.5016613592603423  -1.0027357165074848 
1.5003925422895448  -1.0011628252754687 
1.503542694467569   -1.0039761544608252 
1.5005054995405753  -1.0008614141718124 
1.5020205877463755  -1.002442507760582  
1.5003110402334614  -1.0016657693686744 
1.499334404270421   -1.0011090795690498 
1.4990863085024109  -1.0003920755384952 
1.4993866082444192  -1.0016103114549928 
1.5013565955383363  -1.0009908133490895 
1.5012520128359625  -1.002176876527496  
1.502845137504006   -1.003849923610732  
1.5027915973563382  -1.00406302630899   
1.697157894638765   -1.1819090844357847 
1.5038485941533686  -1.0052023549432645 
1.5011045369370501  -1.002435011820343  
1.5022389829939626  -1.0019678034365398 
1.4996994920969073  -0.9999131714864063 
1.4996400307596094  -1.0009077177499244 
1.5026809389539248  -1.003339425123842  
1.5038021763623075  -1.0024549331898285 
1.5038816795188603  -1.0044112773927152 
1.5009168419318353  -1.0022738567510716 
1.4996944873822546  -1.0005002422909626 
1.5013555332096136  -1.0020735651982504 
1.5005397479902347  -1.0015991323924236 
1.5030394132784823  -1.0042937403626517 
1.4988625865618084  -0.9995435245808296 
1.5019708323202239  -1.0029570406783495 
1.500025214460022   -1.0019718645242148 
1.5013237211856352  -1.002360479830905  
1.5025330484818502  -1.0027711988558927 
1.4974706774245217  -0.9980410129766807 
1.49913155183098    -1.0017010515768863 
1.500331252829243   -1.0011120439144805 
1.5018105884239534  -1.0026450335903525 
1.501734265037285   -1.003167903299424  
1.496137739183385   -0.9961191713116522 
1.5026370068707053  -1.0025529262551565 
1.4998339263078204  -1.0009601315343948 
1.5007218464250807  -1.001313388347664  
1.4993955137480428  -1.0012977170179613 
1.4995545395071563  -1.0008688561301158 
1.4970107138585564  -0.9978532491451124 
1.5010245702195535  -1.0010110079322299 
1.4954374489136266  -0.9959913592299448 
1.4992174871400867  -0.9997256010922    
1.4951855991135532  -0.9947356617484333 
1.500806371441827   -1.0014469673738382 
1.5005318772057346  -1.002241195901567  
1.5011172067957883  -1.0024847482637298 
1.500356389858219   -1.0005946764103457 
1.5054999788279384  -1.0058547847229307 
1.4997429254100143  -1.001204307437274  
1.5041502961744173  -1.0044229457056193 
1.5044966698200823  -1.0052504490597813 
1.5014824288111732  -1.0034818770499092 
1.5036467949043015  -1.005192717277456  
1.5021093553207445  -1.003557025753952  
1.504466144438971   -1.0055871524260538 
1.5004198409701808  -1.0010105962173936 
1.5008548854598258  -1.0020665380839267 
1.5020813866981262  -1.0030315347441439 
1.5016525433778576  -1.0029706609916242 
1.5015563867804202  -1.0024562437545101 
1.499728151933637   -1.0010934122618347 
1.5023232288011175  -1.003860810351511  
1.5018169356282596  -1.0025589454583241 
1.5012319864151937  -1.0012100339006251 
1.4986885190585062  -1.0001925023749703 
1.500088526903326   -1.000717581597347  
1.5000401533576873  -1.0011674764115759 
1.5000119050327896  -1.000898199326439  
1.5003363073986158  -1.0015602663257932 
1.5007771597487574  -1.0020639078145839 
1.4997124266683257  -0.9999597970865671 
1.500512416347068   -1.0006771133850343 
1.4993503203541938  -1.00068134022731   
1.4999786136044382  -1.0010309816827865 
1.5012758811775537  -1.003535449445573  
1.5018069136931889  -1.0026960986930276 
1.5023309928871125  -1.0038552100081963 
1.4999756883778546  -1.0017996427444842 
1.4991143438069832  -0.9992087123001315 
1.5026789366093325  -1.0032560825396148 
1.501347154791042   -1.0017313342346263 
1.5001705744733573  -1.0007228232050378 
1.5001663846474114  -1.0002571409475118 
1.5011864365283758  -1.0018919721373316 
1.5018951297386793  -1.0028481494967385 
1.5031070448898873  -1.0032425263653357 
1.5026269640073036  -1.0045180110712264 
1.5102759717067626  -1.009618580429536  
1.4982653599506839  -0.9986751382775592 
1.5032482735966262  -1.0043444410244808 
1.4998039706298034  -0.9996741119264104 
1.5016849830761125  -1.0017573484738047 
1.4990442104005126  -0.9996133150793035 
1.210232787997476   -0.8052452253597931 
1.4981240224979033  -0.9986535570016954 
1.5011935369341016  -1.0027631780514719 
1.4980729226227387  -0.9996545086859445 
