a                   b                   
1.5010577473694908  -1.0030457356101992 
1.4986919383653574  -1.0047800690840254 
1.4972871752094852  -1.003404915024062  
1.500185872800912   -1.006918556294464  
1.4950547938384504  -0.9979646494483934 
1.4975076317786153  -1.0046667733879486 
1.4971274915104815  -1.0061363316319665 
1.4974815248966178  -1.0030942242971144 
1.4982004985969424  -1.0007630009862574 
1.4953092278065419  -1.0000826727987735 
1.4999463275120328  -1.0042203055841905 
1.4970903734140182  -1.0036142125698426 
1.4962050337280304  -0.9981673424897607 
1.4962353682308471  -0.9993115967427838 
1.4965067838861703  -1.000837034565876  
1.5003107190105935  -1.0076171185281262 
1.496193706986011   -1.0011949514758125 
1.497321251462121   -1.0036906140727888 
1.4969670173638454  -1.002316060870279  
1.498145378348081   -0.9994595993364417 
1.5013694057661824  -1.0095912815456412 
1.499926803657801   -1.0035669208415257 
1.4984640913445202  -1.0030497095497681 
1.502107800651564   -1.008498605150043  
1.493840037188637   -0.996593894621281  
1.5005881562068206  -1.0062290325302525 
1.4996613979982785  -1.0036229126744074 
1.4992458215107392  -1.0035429306515409 
1.4968524575234508  -1.0032677610788074 
1.5011573508671345  -1.004003221183818  
1.494739422789274   -0.9971948256935553 
1.4990239739435414  -1.0036373050560299 
1.49842260248751    -1.0054244396795395 
1.4961397799515506  -0.9977249198218707 
1.4977368626777476  -1.0018338542831418 
1.4976244565080903  -0.9998528061319658 
1.4976785234775931  -1.002866926906026  
1.500039008267512   -1.0065913811793767 
1.4995269190556602  -1.001610016970068  
1.4998678141128479  -1.0032597190164898 
1.500014938934491   -1.0021932576514898 
1.4973572592081819  -1.0036299113992084 
1.4956674810434438  -1.0008020955285055 
1.4969928900736618  -1.0029765444393413 
1.4969171456554184  -0.998763203814751  
1.4965372410732678  -1.0017103479684826 
1.4999644808084318  -1.007225643438057  
1.4987884158780198  -1.004264928814192  
1.4985631305691862  -1.003731867395692  
1.502267031220818   -1.009364736582433  
1.4963211895188757  -1.0008837232795547 
1.4993625283239398  -1.0010522666677586 
1.4999188791993743  -1.0065979550275037 
1.4980118731957652  -1.0036388531261262 
1.4981181026141879  -1.004697857757698  
1.4985726191201085  -1.005412235377903  
1.5000030030310965  -1.0063208764255804 
1.501277147820544   -1.0071681941555166 
1.5010977431809591  -1.0067976603520739 
1.4959552523049091  -0.9979946327554269 
1.4967172736832195  -1.0025243571531708 
1.4973680533229825  -1.0010122656710863 
1.496130120132576   -1.0019954103511393 
1.5012636213050907  -1.006385981953517  
1.4981285302284972  -1.0007264180638984 
1.4971554064661554  -1.003272713119723  
1.5015640847009797  -1.0033790486058536 
1.498366765744642   -1.00510352849938   
1.4988971804529418  -1.003989752030576  
1.49561634841927    -0.9970928894691468 
1.5017542609340577  -1.0030995593341552 
1.4990327918390787  -1.004204462526782  
1.4979792388135018  -1.0032777179397665 
1.4980784947866492  -1.0036667591504516 
1.4988105891616215  -1.0039622207732748 
1.4993395202885382  -1.007672170628786  
1.4960207340049247  -1.0007962678701212 
1.4981691129615975  -1.0043298584027365 
1.4986415387326528  -1.0049090679606265 
1.4993551364019968  -1.0012316785795907 
1.4978977661594413  -1.0055896981553978 
1.4966625784231746  -0.9984329037448652 
1.4989498963964782  -1.0024003710632243 
1.4993318511294778  -1.0005703512022248 
1.495744648373842   -0.9973300600059756 
1.4966115052740634  -0.9987329019257162 
1.4970158254525958  -0.9995402387124082 
1.5003975656952355  -1.0071947632026415 
1.4959813546317247  -0.9977031037630961 
1.5001744007634894  -1.007368147372526  
1.496666450185348   -1.0005950331804778 
1.4989124940965206  -1.003989156829594  
1.4967512482756806  -1.002338790803993  
1.498244345180713   -1.0059450471742006 
1.4988075588810215  -1.0053874856557763 
1.4989970970721829  -1.004433074462437  
1.500880469403428   -1.0060990161886079 
1.495587550392228   -1.0011971562345383 
1.5004303938338344  -1.0071485436799543 
1.498948337965127   -1.003911239643377  
1.4988473236710984  -1.000115711476802  
1.4945106013575757  -0.9991792269750152 
1.4996604322036835  -1.0056457429221133 
1.4996816477398691  -1.0076474321782125 
1.4991166588959122  -1.005607545931666  
1.4969696321867887  -1.0003414474968895 
1.4999570791549268  -1.004539191800336  
1.498022558215952   -0.9986084970742757 
1.4981153534690472  -0.9991594041171736 
1.500565047643108   -1.0053884384903888 
1.49874761919843    -0.9997470439382424 
1.5006949406022168  -1.0065665516248896 
1.4997346720948757  -1.0018367824233338 
1.4972132971179166  -1.00203680628733   
1.4992584576940358  -1.0043472235719553 
1.4965292722814678  -1.0005940795510226 
1.4949637061010714  -0.9999297172251943 
1.5000747915289212  -1.0070009584098383 
1.5005308999013485  -1.006315418942828  
1.4996954622155438  -1.0060768791886816 
1.4981495344082543  -1.0034101627708751 
1.4956777698118657  -1.0016392312018956 
1.500123081472788   -1.0095500143565868 
1.496140272147065   -0.999679853573235  
1.4934462904227965  -0.99882951647311   
1.499020745766913   -1.001136468779541  
1.4983985041654526  -1.0036459592109817 
1.4986741205288006  -1.0045074823497557 
1.4995888748081008  -1.0041512284909648 
1.4968553179662745  -1.004239956797091  
1.496263091504063   -1.0011623724596477 
1.4963635856440138  -1.0020592808239417 
1.4961913462534824  -0.998100423112906  
1.4979237945492785  -1.0025953200653015 
1.496736800567301   -0.999396946462654  
1.4986521597827132  -1.0035098256930115 
1.4942079982515755  -0.9979911741042086 
1.4932166933840856  -0.9963838483323584 
1.4976788214128256  -1.0028648162694203 
1.4977253074061283  -1.0034897203464863 
1.5018306746927697  -1.0059827870367157 
1.4951543170855477  -0.9974443315867518 
1.4960024798404092  -1.0018573424466377 
1.4956699413516872  -1.0006904998924815 
1.498151995921875   -1.000430047467476  
1.5008280197401773  -1.0084556948466776 
1.5017499424064993  -1.0081479021621549 
1.4945620868414218  -0.9977133076857811 
1.4934375747036248  -0.9954115453696946 
1.495243772745882   -0.9966022779825707 
1.4988197822417781  -1.0042903537232672 
1.5038699597974556  -1.0098536613618254 
1.4988945495773143  -1.0049559471364815 
1.4974050717400293  -0.9984777756167768 
1.496887162398924   -0.9993923894181723 
1.498019354493024   -0.9998434485675604 
1.497801242149181   -1.001493369767022  
1.4955037260298902  -0.9990975544725265 
1.497335903666938   -1.0017896112250175 
1.4988497184111376  -1.0042986275405819 
1.5009375364615858  -1.0071224562598384 
1.4958390812593299  -0.997442925660632  
1.4975708027270223  -1.0033969277686747 
1.498405761917383   -1.0059960642545651 
1.4941486956592793  -0.9963079424916281 
1.500428621007814   -1.002866258341302  
1.490917471911854   -0.9943071901219382 
1.4930363267046225  -0.9949644900921853 
1.4971801667516769  -1.0018950065471017 
1.5021750752107434  -1.0088606476447102 
1.4954196579919834  -0.997465758777297  
1.4966869634955293  -0.9991400539281273 
1.495545267154333   -0.9985914720835458 
1.4992987548491863  -1.0021865895725701 
1.499175836324734   -1.0008172392842984 
1.5005770360145643  -1.0083505220110216 
1.50073653446719    -1.0049404236765618 
1.4942788363820567  -0.9977881048959423 
1.4979700579533926  -1.0036115000819805 
1.498028391917088   -1.004648568673722  
1.4956312136393517  -1.0001366651374177 
1.4982397258159934  -0.9993532588506759 
1.4982939317495807  -1.006820590407148  
1.5013030284790976  -1.0090544975577878 
1.4991529850725163  -1.001041739241892  
1.5005823231469941  -1.005920543561453  
1.4994419327189874  -1.0065996956961594 
1.4991822481820987  -1.0080434670493352 
1.50154001036388    -1.0100952675958654 
1.4984156420456647  -1.0086138201897248 
1.4970193498485336  -0.9985841209283891 
1.4964748894566817  -0.999324211350295  
1.5006513197022016  -1.0032402907539353 
1.4988945165656038  -0.9999696877415253 
1.4995579745604624  -1.003592081122257  
1.4981372107746467  -1.0042744305825697 
1.4966445404323385  -0.997912198216061  
1.4979026104333313  -1.0004109008603301 
1.4993940655391977  -1.002057341618755  
1.4970120705977046  -0.9987690731523805 
1.5004422598751765  -1.0085101711755438 
1.5009044537880005  -1.0065007560758095 
1.496262035689111   -1.001277417197275  
1.499639060123846   -1.0062978924706305 
1.493486259565219   -0.995173068083553  
1.5007830079923632  -1.0063821637901502 
1.499367815414403   -1.0054196699571623 
1.4987973580197345  -1.0055539486425589 
1.4977381091822515  -1.0035467743573783 
1.4980859160397195  -0.9999728710159063 
1.4954060910921871  -0.9987767521410512 
1.4987902884169504  -1.0071639418601595 
1.4997641388720362  -1.0077013373374737 
1.4953456566529573  -0.9973654138097963 
1.4975307616495253  -1.0034081126459367 
1.4970596566745655  -1.0044659145881194 
1.4991598731248958  -1.0052356387235728 
1.4981917738813313  -0.9999932804716238 
1.4999455972886098  -1.0062365426785624 
1.4948530266205702  -0.9976324091399141 
1.4986014247759194  -1.0042762968018486 
1.4986578823226926  -1.0008357979292875 
1.4958830453370242  -0.9977577869123377 
1.4970719218901778  -0.9988847797534818 
1.4971191304734488  -0.9999905530345296 
1.4990158635080317  -1.0060143854340504 
1.4969785716424129  -1.0033045243585912 
1.5001073175167117  -1.0063014258411516 
1.498537736424863   -1.0012055039426793 
1.497507845509094   -1.001520493184332  
1.4970063732059173  -0.9991794520745121 
1.497984511189298   -1.0070119573202008 
1.4973313286273673  -1.0035291330499903 
1.4962566933623536  -1.0011524286151976 
1.4984731910800857  -1.0017215295346686 
1.4973257175084205  -1.0028616709745783 
1.4957723433895624  -0.9980905506917067 
1.498612225619181   -0.9996832370496753 
1.496576721628938   -0.9983908224157344 
1.498962027646348   -1.005589690594248  
1.4965102359966576  -1.0037294582146634 
1.499974070109139   -1.0063505277109834 
1.4969515859787714  -0.9996232089676782 
1.4979835114527644  -1.0039194653112111 
1.50019627536741    -1.0032359613380666 
1.4969527126875755  -0.9987226186939709 
1.4936082726121664  -0.9984647074086231 
1.4945237132001694  -1.0000857578679607 
1.497041283157784   -1.002764336644822  
1.5009797031400753  -1.0090069178646697 
1.4959150671104202  -0.9987642442331061 
1.4946882552774943  -0.9986635744530329 
1.498609641986634   -1.0053748243001859 
1.4987596884389471  -0.9992825517066496 
1.499368915049704   -1.0019230232640144 
1.4984327632757457  -1.0000218770468752 
1.4957012530373124  -1.0019079040647068 
1.500933146507524   -1.0019575726225955 
1.4979788637401208  -1.0024720470684907 
1.500578536382546   -1.0074424400931785 
1.500838981077931   -1.0083848818077406 
1.4977801460775542  -1.0030274874633542 
1.4952134577007303  -0.9989389707073881 
1.4966749175773728  -0.9992631319352993 
1.4980615672004858  -1.0009954551756015 
1.4965028701612397  -1.0021893121301915 
1.4997191003776842  -1.0084858018913028 
1.4943327882443755  -0.9983433189386856 
1.4973234952026382  -0.9993876512917015 
1.500796034530235   -1.0066819851198296 
1.4967100563136981  -1.0002059340982634 
1.498615254177838   -1.0051138997091524 
1.4960470772308854  -1.00133529145457   
1.4942676425897456  -1.0005625821975346 
1.4983716586790043  -0.999586427866098  
1.501627932275296   -1.0094456080754115 
1.498324935767962   -1.0020459037962568 
1.4951455589982454  -1.0010637543372225 
1.4986994273572487  -1.0059631976845274 
1.4979985272476783  -1.0048496901975397 
1.4985032735431312  -1.0012257844236467 
1.4956410977971495  -1.0006714463234168 
1.4988745191281134  -1.0013557508292963 
1.4974580400932778  -1.0019369227155173 
1.4968635462977877  -1.001996586767985  
1.496759985945443   -1.0027897954102865 
1.4971983686467856  -0.998695392948164  
1.4964280716870444  -0.9996369146790055 
1.497824713400903   -1.003594342909577  
1.497337494179994   -1.0030725188439025 
1.4999153415105329  -1.005943358312454  
1.4973938372659377  -1.0025538355627726 
1.497775013464122   -0.9989939384105571 
1.4916831515072129  -0.9971830211855539 
1.4996656929739742  -1.0041332736897395 
1.4967186099914465  -0.999283414269492  
1.5047215199520099  -1.0119661493185483 
1.4972080491247242  -0.9993798754612482 
1.5006326457347847  -1.0024755558211138 
1.495160239041868   -0.9999118782375293 
1.497494842140442   -1.0001589869439402 
1.498023087478431   -1.0051369355533244 
1.4996756806039129  -1.006682720497122  
1.4977297743326234  -1.004003813458827  
1.4986018113554818  -1.0038157107461874 
1.5002826876774704  -1.0065248611836382 
1.5034578807720433  -1.0099664090067455 
1.4999265042188843  -1.00327862411438   
1.4973444281279615  -0.998892156992116  
1.497349454852771   -1.0015873365518408 
1.4982989430666798  -1.0065513533859827 
1.4972165807085163  -0.9990541451538046 
1.495221392114143   -1.0023545472131112 
1.4981208516651856  -1.0035728671152977 
1.5005590319710218  -1.0072076630621347 
1.4945909260685437  -0.9962319563124145 
1.499673274055248   -1.0043094753105883 
1.5000020867728778  -1.0067828778803078 
1.5006298155994933  -1.0077999233297885 
1.498533308708424   -0.9996128481679883 
1.498678572056987   -0.9996328985936955 
1.5006225782196223  -1.007885871358121  
1.4968584174340214  -1.002776822979646  
1.498706515721524   -1.0033100740436385 
1.500189565044226   -1.0076502388849495 
1.4978665493584036  -1.0040502985076165 
1.4957223551433745  -0.998586707470463  
1.4961545034318524  -0.9978371574234858 
1.4957527242734607  -1.000774525168162  
1.4911393911066617  -0.9945178344537923 
1.496299495389238   -0.9987241365479819 
1.4986353560483112  -1.0005207792984032 
1.4972486072960425  -1.0022793345208865 
1.5030270507976808  -1.010684081723714  
1.5012960453508464  -1.0050710149266422 
1.497868438901226   -1.0039044635526466 
1.49927284186828    -1.0040656891047168 
1.5035243612663172  -1.0109158154320659 
1.496572893120048   -0.9986525497858364 
1.4976598294577248  -0.9994428982437659 
1.4944076392110133  -0.9974356595213252 
1.4985194784433549  -1.0044247101973627 
1.4999387857324498  -1.005958236134224  
1.4966461265607562  -1.0020578535656854 
1.4980109377592445  -1.0035989183160299 
1.498002590061906   -1.0049862996149588 
1.5020478098853924  -1.0098239861979    
1.499472441755288   -1.0066649954935551 
1.4978736082812303  -1.0021224699960976 
1.5005832796618035  -1.00803306794835   
1.4978798027038656  -1.0030701001261983 
1.4966556852750494  -1.0017687675902593 
1.5018694992766246  -1.0073401592631575 
1.496728056384482   -0.9989787774182207 
1.5006054557117483  -1.007517354131537  
1.4986015622275874  -1.005829751628074  
1.4975970387559385  -1.0043171936808213 
1.4963641510083276  -1.0002064768830077 
1.5022627788511986  -1.006453931416314  
1.5006602659435564  -1.0071096810603213 
1.5001658874246497  -1.0085541417669333 
1.4982829213623883  -1.0027777280687704 
1.4973168765339195  -1.004234449153453  
1.4993438122031788  -1.0036329970277715 
1.4978647828168996  -0.9990769875272234 
1.5005148097559737  -1.0080284481292683 
1.4985620850239285  -1.0030192732944034 
1.495749271188377   -1.003220742649652  
1.49936070577753    -1.005842095134864  
1.4961791617999516  -1.0031357278216404 
1.4983080866488503  -1.0044501888107242 
1.496168348601922   -1.0009301311477523 
1.4937307236862358  -0.9975568911732707 
1.4979103576308612  -1.0004145348458013 
1.49623456697981    -0.996994365013372  
1.500074412335184   -1.0047416265093432 
1.4960224324552127  -1.001865794377709  
1.501285612582978   -1.0071879980466125 
1.4985871910950785  -1.0033088928567393 
1.4999129045629456  -1.002914011493927  
1.4968583002691571  -1.0020751472884137 
1.499544562335383   -1.0001090927816412 
1.497937917968573   -1.0044610169213757 
1.4991673826119094  -1.0022341522241038 
1.497932724394108   -0.9993937884112932 
1.497877976760271   -1.0031000717611718 
1.4980346782527834  -1.0001016973680752 
1.4972848518892121  -1.002473294608697  
1.4984571894337348  -1.0036616189557621 
1.4955660706639868  -0.997442413685409  
1.4971278529897114  -0.9990213802769189 
1.5023161789667197  -1.0072769585855348 
1.5003920198406417  -1.001435421111613  
1.4969392232346053  -0.9995096545961929 
1.4941434412779657  -0.9973351382301501 
1.4969294708185785  -0.9997379216336062 
1.4951585457967747  -1.0016548941540302 
1.4986107961190818  -1.0042749315581565 
1.4968486420696434  -1.0026870841738313 
1.4990853203521606  -1.0047206459964777 
1.5008322595805752  -1.0096827039888614 
1.497827500918181   -1.0006618293848157 
1.4957348505798698  -1.0004593342228905 
1.4998098606568149  -1.0062204003237187 
1.4996142543230135  -1.0055213687533988 
1.4995445166688506  -1.0023669024004156 
1.4993766399689006  -1.0052626349370044 
1.497433748127301   -1.0048968870492059 
1.5010141925468155  -1.0097836870105386 
1.5010271003208737  -1.0072948652889142 
1.4992776629207427  -1.0035566701397616 
1.4970348583125048  -1.0017877636306947 
1.5013298998524935  -1.0026391189790145 
1.4928802651855138  -0.9956033920773919 
1.500292240734018   -1.01049356254484   
1.4992798896771757  -1.0034388899802604 
1.494929991087192   -1.0003313404789018 
1.4967393917279594  -0.9998951377128514 
1.4937413821831407  -0.997704877630519  
1.4988203649990293  -1.00566148322432   
1.487943582070112   -0.9929611578626931 
1.4969185011603623  -1.0038566761281809 
1.4999435298963135  -1.0034666776962773 
1.5018475627366275  -1.008386801892185  
1.4964181834564587  -0.9982933484430033 
1.4974397637016321  -1.0054091805735514 
1.4965623917424178  -1.0024236008176208 
1.4992044707359082  -1.00448507255312   
1.499123875707584   -1.0072340369846142 
1.4974475436641919  -0.9998165153864492 
1.497497915102327   -1.0008893832406063 
1.5004760205946353  -1.0076705814604894 
1.4979684537588849  -0.999772994017951  
1.4977253386778921  -1.0017860508563574 
1.498184126521852   -1.003436505941003  
1.4970905872447828  -1.0018382650020718 
1.4974448050696167  -0.9987997537073685 
1.4958290742898441  -0.997222812639089  
1.497906634343652   -1.0036078097901127 
1.49929893133875    -1.0035892129835584 
1.4952744339357973  -0.9994288989297003 
1.4976800498041118  -1.0032351388043614 
1.4978306027979371  -1.002241743090727  
1.4942722870632983  -0.9989646375182364 
1.4954381646007204  -0.9969631687612824 
1.4976987909795347  -1.000324428266742  
1.4951876054250763  -0.9979600015387923 
1.4984787101347086  -1.0038411553748494 
1.4943999222069555  -0.9972572624923992 
1.497594868338036   -0.9989441313980927 
1.496573922586496   -1.0015037442221852 
1.4999373567275447  -1.0053738555070906 
1.4996034325566667  -1.0062372101681294 
1.4975879829862213  -1.0051569356568015 
1.4981945296917323  -1.0048935681318878 
1.4956442688983638  -1.0011198054438202 
1.499506108402461   -1.0056907137639954 
1.495677100264144   -1.0032276518524637 
1.4962668109207369  -1.0033131491522211 
1.5022737860404174  -1.0066920670879669 
1.5026019980549101  -1.0030587258492705 
1.49578923140537    -1.0020731506134997 
1.49806411307081    -1.0001685412515    
1.4991799913783803  -1.0013647700551673 
1.493719992026628   -1.0014345435533656 
1.497722374502562   -1.0032945125590007 
1.500984482409013   -1.0075243115660817 
1.4954586807889925  -0.9997685029941352 
1.4959444432790847  -0.9980947488254759 
1.4974942908988231  -0.9997702287480684 
1.5005385276674488  -1.0055250389551722 
1.5006849014368804  -1.00498586866738   
1.500069824661888   -1.0031248913253124 
1.5005982593906062  -1.006273384771319  
1.5010730021740675  -1.0043027516982659 
1.4998611569771936  -1.0070588692894042 
1.4992993086414514  -1.0043698492451025 
1.4961543928775969  -0.9996095590410891 
1.4977813285797106  -1.0043687224358466 
1.4956860500356801  -0.9977545436860736 
1.4985231075699454  -1.001191273606189  
1.4975440046758457  -1.0045792623838328 
1.4991344801627469  -1.0029535371087506 
1.49686376546776    -1.0026745199343943 
1.5044830811417973  -1.0113973070642368 
1.5005738382237432  -1.0077732164984772 
1.4927912373172971  -0.9980894455511428 
1.4980271496739483  -1.0040004849482862 
1.495532547723241   -1.0007991047417735 
1.4993336927943628  -1.0035973177451103 
1.497874926099344   -1.0046424398793754 
1.5033257602889998  -1.009894194659606  
1.496259980838341   -0.9992812014544142 
1.4992569088936152  -1.0015071729368894 
1.4939505475820893  -0.9984423252677638 
1.4971761320985766  -1.0022117511475375 
1.5007507229843144  -1.0038063642234607 
1.4991953588743607  -1.0010979723121305 
1.50000632501602    -1.0055970721698513 
1.4974202601615116  -0.998970885507806  
1.494847268306048   -0.9986596207331798 
1.5014593008394084  -1.008629660380919  
1.4995626796133097  -1.0004257629525464 
1.4972214147650784  -1.0012613658148861 
1.5039322972254707  -1.0083091066646561 
1.500541308044914   -1.0057515981418317 
1.4999726747646007  -1.0024051085301469 
1.4984500948090251  -1.0009550066319934 
1.501709003219631   -1.0079084029386598 
1.4941000493881778  -1.0001410994992297 
1.4999606025888659  -1.003059584551593  
1.4944235768461793  -0.9954673958414867 
1.5046237413650438  -1.0109937748681468 
1.5008684986569873  -1.0071427545964227 
1.4997084736878086  -1.006358354775626  
1.4976881552323977  -1.0025009518065744 
1.4980921124889737  -1.0056063974153353 
1.4992154026237299  -1.0040111446434539 
1.4978788490250947  -1.0002485806953585 
1.499699739420197   -1.0053665120118718 
1.4950594335940037  -1.0012362498152154 
1.4976392435487234  -1.0040677460791847 
1.5027337206822866  -1.007862641916727  
1.5007274047601358  -1.0060299255321845 
1.5003787182151278  -1.0051261034081345 
1.4993388323623407  -1.0057056967002724 
1.4963426119724421  -1.0014509989251137 
1.4975536043758264  -1.0037128300729032 
1.498726316791465   -1.0057530994911086 
1.4986960313119757  -1.0011508536551639 
1.495618443920366   -0.9994621543919563 
1.499751148640484   -1.0018802686941513 
1.4984812130047174  -1.0050962084376551 
1.5010901656931281  -1.0054801143103278 
1.5003677881097928  -1.0075163245200838 
1.5000560420007745  -1.0050791601247469 
1.4996079747137234  -1.005244712025826  
1.5001122851281505  -1.0059024283840636 
1.4986744512200287  -1.0050627694108805 
1.4968006557485751  -1.0045706024350625 
1.4973430375877261  -0.9995528169102395 
1.4988494516785849  -1.0015841131702046 
1.4967346889039264  -0.9987603962775526 
1.4933134890493303  -0.9979338046988157 
1.4985343804990257  -1.0050479550752307 
1.4971062575986847  -1.0011889065854511 
1.4967485177588968  -1.002742907981253  
1.499151502939321   -1.0054698133669084 
1.4964140604716636  -1.0030138153542958 
1.499748874202644   -1.0057846903599164 
1.4985321222153936  -1.0052823712115473 
1.4985093574320767  -1.0035501434622225 
1.4977028965695176  -1.0007935292602594 
1.5003399472323549  -1.0073166504994377 
1.4988413621130905  -1.005211293581996  
1.4990085200302186  -1.0015602108921726 
1.4986954506553665  -1.0051221251474616 
1.4966038808837696  -0.9985987248770761 
1.503395616883181   -1.0073923326665446 
1.4993571080667014  -1.0022391642127115 
1.4973626547924022  -1.0037416607489211 
1.4952903405307811  -0.9957251990274792 
1.4982730144237149  -1.0024212724653885 
1.4944397474929911  -0.9987476777937397 
1.4973685452695777  -1.001225692859381  
1.4981832469509901  -1.0000895593813648 
1.499739346194915   -1.002865470185513  
1.5005948957974709  -1.0062420942633876 
1.4908342449113077  -0.9939178480308004 
1.5002174344759192  -1.0008247461361337 
1.4992253242018703  -1.0034960820168688 
1.4972533573816276  -1.0038379504299169 
1.5015551939043947  -1.0100411768916355 
1.498942120626741   -1.0059507441222728 
1.4974173648711118  -1.0048305384355836 
1.500576075841757   -1.0066388491102272 
1.494057716677914   -0.997758830612531  
1.500601073144669   -1.001911465599693  
1.4982963301999546  -1.0011000220438837 
1.5006898047296757  -1.0055220717369595 
1.4974577382833965  -1.000850096210853  
1.5000530544061175  -1.0061019746867779 
1.4968498308955214  -1.002567027546183  
1.4950695047939648  -0.9996024072170493 
1.501402548796485   -1.008707973327391  
1.4996849891897872  -1.006842599979453  
1.4984690345357152  -1.006705433880358  
1.4967080513718591  -1.0012792528937027 
1.4970591483871127  -1.002368967138803  
1.50114423129545    -1.0081196494449969 
1.497283150121053   -1.0030355808498177 
1.4969174308878002  -1.0022652148201445 
1.4980236930390904  -1.0038632634275788 
1.4977903197218896  -1.005024811999481  
1.4966967093400534  -1.0021246275709463 
1.4987769478806388  -1.00156249278852   
1.4975840976997692  -1.0049578062217017 
1.4982908277443665  -1.0015707860357672 
1.4989620065101554  -1.0013026693618696 
1.4939053645973859  -0.9966162705346506 
1.4957874437412493  -0.9984799346484844 
1.4990105226046166  -1.0032286692614785 
1.4987263855961708  -1.0047957233859375 
1.496936912047901   -0.9981021105019293 
1.5004747478868221  -1.0059697215440573 
1.4963268925625133  -0.9990356268780939 
1.4993144957561313  -1.0043739427438563 
1.5841112044591072  -1.2                
1.500702334175368   -1.0071695363385802 
1.497962212695046   -1.0003085713412714 
1.4994573347037423  -1.0040135979651734 
1.4934570010874517  -0.995930813038864  
1.4961573949653497  -0.9992906778495573 
1.4942605601295498  -0.9986579459293699 
1.5002838967411571  -1.0022456915652045 
1.493115978104496   -0.9988956734259355 
1.499068874078797   -1.0005779840611617 
1.4966914014455153  -1.0035313075278423 
1.4988996877701877  -1.0035469278186664 
1.4983610509257035  -1.0035714582168376 
1.5010915398612086  -1.0063599550263318 
1.5012590670903405  -1.0075030461145325 
1.4989684118061781  -1.004182791575677  
1.4960336101419691  -1.0005143584825495 
1.4968349679316675  -0.9988761842867071 
1.4968982336064018  -0.9996782262929058 
1.494764624669152   -1.0022751343449081 
1.501200870180541   -1.0076046590691023 
1.497743352846825   -0.9996736613383268 
1.4992952995637299  -1.0008509828843126 
1.494726322520074   -0.9961079243640815 
1.4894375082406888  -0.9920116963972634 
1.498205003596901   -1.004141870674277  
1.49922925316516    -1.005313594124302  
1.4964927393156227  -1.0019849155504448 
1.4987131972267762  -1.0012105901615873 
1.494388531629766   -1.0006418820057497 
1.5012670786206306  -1.0068016648330298 
1.49873354969209    -1.000208764876687  
1.499628848191809   -1.0069275960841966 
1.4993317730159987  -1.00583321898156   
1.4960087495032734  -1.0014696733690764 
1.4982920329636467  -1.0044025749576584 
1.49735566493443    -0.9991863310078503 
1.4994520966989     -1.0019299389720422 
1.4993700090518647  -1.0068051194253598 
1.499426886350932   -1.0058600749469344 
1.5030283876509676  -1.009952707201637  
1.499496412692312   -1.0057853713416276 
1.4960285510504325  -1.0004279038748292 
1.4958654038966601  -0.9963456290441574 
1.4958445426777698  -0.9998857754170274 
1.4971172688489731  -1.0028445971163498 
1.4970709803345221  -1.0021114791009473 
1.49842592537594    -1.0040689678006116 
1.4968082624539403  -1.0015034106047027 
1.4937482970446765  -0.9985015311254397 
1.4989507688615125  -1.0052585593419237 
1.4969174166077805  -0.999995976591795  
1.4979585365875416  -0.9997126174585902 
1.4974541895026894  -1.0037663739788647 
1.5007566800296688  -1.0073053087073731 
1.4966717381902876  -1.0021388099828978 
1.4984828243174346  -1.0040677196958343 
1.5018288496780323  -1.0062134779325236 
1.499586999330111   -1.0056033865955418 
1.4967499360830232  -1.002147547095404  
1.4981888268135335  -1.0009756061628876 
1.498964312852413   -1.0035924085901429 
1.5000287363692146  -1.0023204664869425 
1.499668061696438   -1.0018369376990621 
1.4978755542927045  -1.0043204425442964 
1.4981922261260479  -1.0033020417797656 
1.497515141368787   -1.0043104511326957 
1.4982800964954475  -1.003596630316114  
1.500609696539033   -1.008099639358239  
1.4978165053892276  -1.0019607890392666 
1.4948103302768572  -0.9983181032194807 
1.4999435482155472  -1.006142633777209  
1.5014188327583649  -1.009127140239145  
1.5011193156244003  -1.0065191932106783 
1.498458532357357   -1.0062255545680132 
1.4991428213464926  -1.0044982357354313 
1.4995064239369231  -1.0063287639338414 
1.4961929917581156  -0.9989540587719429 
1.4979577328055447  -1.003670513742195  
1.4988234190955085  -1.0061978687281194 
1.4961185755124031  -0.9986444468302512 
1.4968109726715613  -1.0024865199425215 
1.5021840777874464  -1.0089376528157192 
1.4995395555256303  -1.0054687644154403 
1.4973124763448662  -1.0015965828992386 
1.4999783430953408  -1.0037638545035257 
1.4959906411671315  -1.0013464870095437 
1.4997753767986657  -1.0025430160007605 
1.5945623509511524  -1.2                
1.498088158787201   -0.9992133565484258 
1.499342356996816   -1.0056379982110424 
1.496689132559883   -0.9982524419702306 
1.4961864835735432  -1.0008738389850944 
1.498259518088953   -1.0029965726872523 
1.493980240549906   -0.9948390503572421 
1.4973079535074172  -1.0041865267817465 
1.4985792777609777  -1.0034596348341382 
1.4995960555539933  -1.002885148172236  
1.5003808226844138  -1.0067453034307812 
1.4960526263663685  -0.9995169955532909 
1.4957274729245924  -1.001097032652147  
1.4989332549469339  -1.0015019663017082 
1.4977919905343693  -1.0033699485586263 
1.4960744469489453  -0.9984613371074899 
1.4986566006857522  -1.0012314067923709 
1.4995630385097722  -1.006031395585951  
1.5007211111781384  -1.0065944148572024 
1.4954307645048506  -1.0008345617112393 
1.5002608868291811  -1.0016719660402476 
1.4985268835116332  -1.0040349667299684 
1.4892131912941173  -0.9930480047394046 
1.4994300684330857  -1.0035174326649603 
1.4986342791399274  -1.008275595053307  
1.4974828254954842  -1.0002507145616704 
1.4965696851738874  -0.9992562829703072 
1.497837325793196   -1.003454268276856  
1.49773621156701    -1.0048795333080387 
1.4998071826384987  -1.0020106458964333 
1.4971542645083242  -1.0035057673583179 
1.497387819851056   -0.9999488886162737 
1.4932942811988212  -1.0004799755957465 
1.4965961188828625  -1.001028363245734  
1.5004650703489417  -1.0075964763351557 
1.4990580777436098  -1.0059816173721698 
1.4982123336037456  -1.0005127622663545 
1.4964018185900607  -1.0004969238112684 
1.5002461238184375  -1.0064707366692605 
1.501732210654905   -1.0030083942744288 
1.4961922550916655  -1.0020424052786512 
1.4952347212392163  -0.9965728818320584 
1.4973247523544113  -1.0021800850421854 
1.492886959601849   -0.9962070272197222 
1.497754282818788   -1.0004598250562309 
1.4980935452846393  -1.0033080935306868 
1.500513329874094   -1.0064262775288542 
1.498262465136585   -1.0041440183165147 
1.4965602603170094  -1.0025253340269926 
1.4973911302307703  -1.0045553628878863 
1.4998496138399542  -1.0007569843200443 
1.4970152173439395  -1.0034454438096023 
1.5017584041450602  -1.0081701352097112 
1.4986693861550002  -1.0038858561740338 
1.4991768874570068  -1.0014675684851768 
1.4976535273658689  -1.002401649879032  
1.5019974036772021  -1.012109458084861  
1.4978192408324624  -0.9999339150784983 
1.4967774688442161  -1.0014824524637889 
1.4990593529358132  -1.0068958265177967 
1.5001784147513573  -1.0078648928733474 
1.501919789896365   -1.009198839097751  
1.4953302741985295  -1.0020774848191034 
1.4989339956058794  -1.0043883970382559 
1.5003541464009165  -1.0056860917384547 
1.497654052553339   -1.0033064380539614 
1.498438127121199   -1.0035087799152862 
1.497220694442451   -1.0024414980107204 
1.500911960360506   -1.0055478210678763 
1.4949165765510515  -0.9999064489921609 
1.4957347493653887  -1.0007095207881176 
1.4978421031696294  -1.0036413524592545 
1.500288280144618   -1.0075582320394756 
1.4962726368076749  -1.002161065238756  
1.4929186037577278  -0.9983301225868417 
1.4985738134106292  -1.0061239581904304 
1.50019657040542    -1.0068449549068081 
1.4994568182622205  -1.0061984367569372 
1.4995561499908194  -1.002215206676083  
1.4961357830497686  -1.003344003342109  
1.4994892473700043  -1.0021477016448594 
1.5001582302001182  -1.0086437486113926 
1.4993783290596996  -1.007117204291478  
1.5041623717013544  -1.0050325772763078 
1.4984794823196266  -1.000460569040425  
1.4986352560861742  -1.0026852429576933 
1.4967358707254212  -1.0004395987566643 
1.4966622286263613  -1.001819494448674  
1.4985459471023035  -1.0010653102418603 
1.494782628013675   -0.9974249900557954 
1.498902418668119   -1.0052474449172037 
1.4977692914430731  -1.0022623652835125 
1.4945990744889641  -1.0001127123550133 
1.4966190462442823  -0.9980083055481693 
1.496428602173548   -1.0022602650691164 
1.4979932087915704  -1.003800095338058  
1.500372827964815   -1.007746990329189  
1.4938219333054454  -0.99885383628364   
1.4930559429053558  -0.9951113804298147 
1.4979529042721753  -0.9991252468609585 
1.4978060141579117  -1.0026063603963171 
1.4959639341749635  -1.0023011392191272 
1.4975088575187787  -0.999248535514928  
1.500641883053367   -1.0095769556086713 
1.5005704751229678  -1.0073294289238857 
1.501363619975235   -1.0056066664906909 
1.4979783401431226  -1.0034838996727378 
1.500364808438424   -1.001777222353268  
1.4972766110961517  -1.003372131760074  
1.4997082648123132  -1.0053198507974745 
1.4976138972015407  -1.002480376328283  
1.498995190611432   -1.0038480179368598 
1.5009932271959192  -1.0070629001951317 
1.4970442796343701  -1.0001084644641527 
1.500667310334019   -1.006282722762991  
1.499632499964433   -1.0082487820799466 
1.4991036076414286  -1.0039614306059976 
1.4966256425698492  -1.0010003563498806 
1.4974725842452394  -1.003339339766219  
1.500543534865566   -1.0025416297273146 
1.4977975647253174  -1.0044202726474012 
1.4992714195763786  -1.0030074737508097 
1.4996348982520609  -1.0067340634711532 
1.492557000384156   -0.9970284087109886 
1.4951981257749978  -0.9970712969677874 
1.4956436753724325  -1.0020224393264638 
1.5001021197097795  -1.0078118423259042 
1.4985054259603787  -1.004886535140127  
1.4978288097055086  -0.9991650988909301 
1.4992789753033617  -1.002250623848355  
1.496765917184401   -1.0035392346005922 
1.7848231181457836  -1.2                
1.5728723397251332  -1.2                
1.4953143923676708  -0.9984382349514602 
1.499207079246482   -1.005552366813516  
1.4961447807890398  -1.0004066824604012 
1.495975422288751   -0.998694354030516  
1.4976590280943747  -1.0034965719182165 
1.5013587843931628  -1.008043569714248  
1.5014231117319308  -1.005968231880833  
1.4943479858773703  -1.0000494568011025 
1.500036983386799   -1.0055846571597662 
1.4971063379405545  -1.0014846914889903 
1.497622192910535   -1.0033656350360236 
1.4967744727306445  -0.9988326103530858 
1.4958758996528685  -0.9999541979992527 
1.501456457525752   -1.008993069382829  
1.4993885857980633  -1.006754608681856  
1.4988166186254066  -1.005841662937434  
1.4974753253549309  -1.0039281945534821 
1.4991195776688462  -1.0033345335654071 
1.5012472183721626  -1.0090242813801336 
1.4964459539668906  -1.0037886675497587 
1.4966854985744917  -1.0004854950339104 
1.4990914499998815  -1.0058492501211937 
1.4979454234000384  -1.003296149827274  
1.5006818676538667  -1.0063113568878046 
1.4964997177458244  -1.0020098679681582 
1.4950411834794457  -1.0001378451817835 
1.4971255942700732  -1.000959090689131  
1.4997948610099805  -1.0070226781139116 
1.4990554451356797  -1.0057481570161322 
1.4942558480865424  -0.9982721272191102 
1.4986048135158796  -1.0001620671731748 
1.4991284636850464  -1.0009877082863436 
1.4981397760538016  -1.0039013009495716 
1.4970471279583737  -1.0019433481847997 
1.496037662235777   -1.000511419672725  
1.4991893150634743  -0.9995233765148042 
1.4981661910747563  -1.003045022505114  
1.5015266786974186  -1.007670411501452  
1.5006821020290138  -1.0035297488668944 
1.497596322121775   -1.004330135697188  
1.501324972338872   -1.0092157703022047 
1.4960898414387638  -1.0001431131621994 
1.4958859613537838  -1.0004439405438172 
1.4969027597280886  -0.9985232640474864 
1.4977463465307375  -1.0041384637535098 
1.497455028455325   -1.0004045388948672 
1.4945462346025595  -1.0008912789420488 
1.4974609211416796  -1.0036824760219643 
1.5003035664617907  -1.0072502449443415 
1.5027585651171567  -1.0089517636504015 
1.496784784303645   -0.9993338873696194 
1.4935066103926435  -0.9986414298464958 
1.4994611108821059  -1.0050114138016548 
1.4995781894545097  -1.0062241789245565 
1.499941177684414   -1.005005238033221  
1.4980247003943024  -1.0032965466349255 
1.498427777263937   -1.0016490363824093 
1.4979611085648992  -1.0043404738285382 
1.4990460512504218  -1.005043698364957  
1.497109949865178   -1.0015987969768685 
1.4997007080596085  -1.0075549496755851 
1.499814991635203   -1.0087678248541545 
1.501249356950459   -1.007322368772651  
1.4980655333301198  -1.000829810896671  
1.5005157518436558  -1.0074949916241958 
1.4927230394640143  -0.9956947420200809 
1.4966630325709176  -1.0041719598594463 
1.5001927975735838  -1.0024868848912003 
1.4964054320239129  -0.9989705922577559 
1.5003405068309006  -1.0062265775063273 
1.4962580800075056  -1.0013186460952184 
1.4959355716339997  -1.003226457737058  
1.499083062527218   -1.0045625000310923 
1.499074056240276   -1.0066141486345774 
1.4984424710273567  -1.003303727825709  
1.496726492124869   -1.001525475689653  
1.492097471847445   -0.99762090946183   
1.498466476163201   -0.9997660189329383 
1.4979044795036112  -1.0054113029143281 
1.5025759352128667  -1.0094728019777768 
1.501116449392814   -1.005064785462672  
1.5000091290732926  -1.002765846137024  
1.4930858111688372  -0.9988169538746442 
1.4999251925198651  -1.0058408292527186 
1.4990602166401121  -1.0069054951056942 
1.5008899630153565  -1.0074043644487587 
1.4995060161906364  -1.0020744407866213 
1.4989429115230697  -1.0060492078101195 
1.4998080564307046  -1.0057345650596616 
1.4988949305338493  -1.001399695844958  
1.4965779814740998  -1.00256208530899   
1.498902041586187   -1.0048039968808022 
1.498260690118373   -1.0038233694472285 
1.4969824024469278  -1.004836289716084  
1.4982817421972654  -1.002399619057296  
1.498643219470902   -1.004887550745366  
1.5019596366700683  -1.0028562201699356 
1.4969469343967217  -1.0015138992872172 
1.497444746535368   -0.9996608842057171 
1.498003055286511   -1.0062783370480195 
1.5015243567611112  -1.0083814257467638 
1.5001152428971543  -1.0052004424099887 
1.4965143843632787  -1.0038601612290519 
1.4979915063246243  -1.0057071466735907 
1.4982665724761575  -1.0050522699085374 
1.497701887659796   -1.0034289246935915 
1.50168466003912    -1.0098282694492053 
1.4978849316585876  -1.002388682735979  
1.4949729682152373  -0.9979406178567991 
1.5002202404703981  -1.0065161738364203 
1.4970598220386675  -1.0018012513368364 
1.49600046845661    -0.999634798586851  
1.4982419086197845  -1.0055933283808345 
1.495749892239491   -1.0025941872112247 
1.4957517972295724  -1.0030727485846282 
1.4996818798483655  -1.0063427090653443 
1.4987326372467886  -1.0002445533290492 
1.4954827427391237  -0.9996955533184881 
1.49760521161894    -1.0001521034842369 
1.499531539976416   -1.0014038685162951 
1.4957709926975995  -0.9994862979713781 
1.4961675232182794  -1.0023130775970839 
1.495360195509027   -0.9987569118449052 
1.4980983865191921  -1.004560913247287  
1.497507389396321   -1.0006479683003837 
1.4994403880389635  -1.0047449615803736 
1.4915322680151322  -0.9942483911082292 
1.5005610967710388  -1.0074392959494636 
1.500537725888613   -1.0037028808559036 
1.4929520022924296  -0.9977578202062467 
1.4978691525731065  -0.999326695844446  
1.499444372033464   -1.0045352582491611 
1.4982168818903538  -1.0033503174807754 
1.5007317609446216  -1.0065682626819523 
1.4993254535566656  -1.002478073639022  
1.4992346146270061  -1.004659022587427  
1.4982800161127319  -1.0025618574344097 
1.5021352627794902  -1.010444646566591  
1.5020162464721691  -1.009777793565954  
1.494291640352404   -0.9996027053994149 
1.4976904980201449  -1.003908134029358  
1.498753423748167   -1.0013567531037428 
1.4945275205160369  -0.9990739532571244 
1.5000611128782724  -1.0076629759228672 
1.501761137045562   -1.0076046399635463 
1.4943429722698194  -0.9985312288304597 
1.4983990000411986  -0.9996932363653177 
1.5002074840294244  -1.005419699947583  
1.4983070077776555  -0.9998486970876399 
1.4977020772235012  -1.000354887143654  
1.4991797832621183  -1.002720405657317  
1.500712963943926   -1.0054219395605986 
1.4977532035307561  -1.002812684247183  
1.4998832324899234  -1.003556752150483  
1.49641686674099    -1.0025904444589915 
1.4965931835065123  -1.0005068349913422 
1.4995704261824525  -1.0043424931066054 
1.4997307167939848  -1.0023339209543065 
1.49359343401227    -0.9967679663980032 
1.49575735549361    -1.0018884539930704 
1.4959791596925465  -0.9987506872712736 
1.4993818300250465  -1.0005670202229693 
1.4991569369575661  -1.0008517293488646 
1.4965601521558214  -1.0015583400383783 
1.4990389950404877  -1.001136215554324  
1.497184961645019   -1.003029756368042  
1.497259671777461   -1.005399459668356  
1.4989948816476601  -1.0062281427581965 
1.4982369542102163  -1.0043762811171941 
1.4981854913893895  -1.0046612836649045 
1.5000401914275907  -1.0052446737143628 
1.4980139093645768  -1.0003718869652798 
