a                        b                        
1.4986322610842449       -1.0004480424201607      
1.4986315509454309       -1.000449662308055       
1.4986332489844088       -1.0004520203979006      
1.4986332489844088       -1.0004520203979006      
1.4986329736823163       -1.0004476899384738      
1.4986313777445164       -1.0004498394132033      
1.4986291510635652       -1.0004544448153028      
1.4986332744446036       -1.0004518630452184      
1.4986383719982026       -1.00045067075041        
1.4986321357189563       -1.0004485126536262      
1.4986317803024656       -1.0004496568580272      
1.498630974876203        -1.000449597836485       
1.4986329970064303       -1.0004467543507627      
1.4986322570527433       -1.0004502727307265      
1.4986264100015545       -1.0004484041117836      
1.4986329691314122       -1.0004502738466075      
1.4986314112250898       -1.0004472135259685      
1.498630025709089        -1.00044828659575        
1.4986264069309732       -1.0004523846246656      
1.4986304768588605       -1.0004498362582772      
1.498631822595112        -1.0004486441178075      
1.4986317921206367       -1.0004526974534405      
1.4986323585951258       -1.0004543662411318      
1.49863189061463         -1.0004486419118261      
1.4986291464815782       -1.0004483225160805      
1.4986330736304894       -1.0004496708845796      
1.498631870639972        -1.0004502152765156      
1.4986332361359744       -1.0004486441518867      
1.4986281949568683       -1.0004466153484848      
1.4986281962689112       -1.0004460774204966      
1.49861973517311         -1.0004565384860067      
1.49861973517311         -1.0004565384860067      
1.498631781386989        -1.0004496139276728      
1.4986305218227267       -1.000450268472102       
1.4986317761882428       -1.0004517449596906      
1.498629987226933        -1.000442603217674       
1.498631396984971        -1.000449655295084       
1.4986324125206067       -1.000450683636393       
1.4986291527509115       -1.0004485382939878      
1.4986321358014207       -1.0004498483082476      
1.4986314806516607       -1.0004486415623535      
1.4986322541995378       -1.0004500826710627      
1.4986314641292826       -1.0004496248603016      
1.4986316018826817       -1.0004496038405284      
1.4986313419643422       -1.0004494418838419      
1.4986322635737173       -1.0004497702987794      
1.498633206428395        -1.0004482926535276      
1.4986337764206286       -1.000450672269061       
1.4986337764206286       -1.000450672269061       
1.4986291525621227       -1.0004496265542837      
1.4986314133810275       -1.0004497062851365      
1.498633238263716        -1.0004472117504415      
1.498640871868085        -1.0004589987883312      
1.4986332127580162       -1.000450672280184       
1.4986332509766862       -1.0004444711845315      
1.4986322536548635       -1.0004504378106687      
1.498632987658665        -1.000447532389282       
1.4986317921901788       -1.000449745145228       
1.4986265336747904       -1.0004501938910362      
1.4986265336747904       -1.0004501938910362      
1.4986318187574321       -1.0004486441334244      
1.498631314645459        -1.0004485483138181      
1.498631575310495        -1.0004494636146488      
1.498638332893038        -1.000450726838607       
1.4986210246771963       -1.0004549114761974      
1.4986316782009328       -1.0004506741509778      
1.4986269644842154       -1.0004571080557214      
1.4986314072756886       -1.0004496063187849      
1.4986321676182575       -1.0004498831180526      
1.4986315049842729       -1.0004497593865416      
1.4986317755792238       -1.0004504425996492      
1.4986327177021366       -1.0004529411281782      
1.4986275970343623       -1.0004496620032233      
1.4986313303300474       -1.0004498899531313      
1.49862700639822         -1.0004518103621505      
1.498629152540094        -1.000451151473618       
1.498631723408343        -1.0004498788604488      
1.498631723408343        -1.0004498788604488      
1.4986281192225859       -1.0004496660580822      
1.4986315167512403       -1.000449474272404       
1.498633218363303        -1.0004493350467312      
1.4986328384613812       -1.000449782434247       
1.4986317791859558       -1.0004496348482155      
1.4986317763687238       -1.00044863815882        
1.498635214082605        -1.0004523631311695      
1.498629127659584        -1.0004502968473687      
1.4986343635328832       -1.0004468596383689      
1.4986323693940582       -1.000449001752404       
1.498626992575145        -1.0004506707232401      
1.4986317781996712       -1.0004497662015692      
1.4986324115436784       -1.000450433510145       
1.4986317754816416       -1.000449791379365       
1.4986317754816416       -1.000449791379365       
1.4986293782016087       -1.00044857276479        
1.4986305831789262       -1.0004502258634167      
1.4986315314225196       -1.000449632683006       
1.498632252287794        -1.000448609585371       
1.498631464398212        -1.0004497054629664      
1.498631464398212        -1.0004497054629664      
1.4986315568293824       -1.0004496809225192      
1.4986317907083246       -1.0004498298867381      
1.4986313692610382       -1.0004497606724077      
1.4986276027131629       -1.0004475692006038      
1.498627006928524        -1.0004498914812288      
1.498627006928524        -1.0004498914812288      
1.4986300916349637       -1.0004516138745818      
1.4986300204389247       -1.0004496268440932      
1.498631417363909        -1.0004496849816777      
1.4986279776940197       -1.0004484057426317      
1.498630729682285        -1.0004498852073502      
1.4986244350142623       -1.0004553205678959      
1.498631396934134        -1.0004494721653454      
1.4986320996812565       -1.000450520298451       
1.4986318142406625       -1.000449478497967       
1.4986298819694222       -1.0004493714040077      
1.4986317764995387       -1.0004481408397112      
1.4986338027615527       -1.000450680035144       
1.4986290837355574       -1.0004507463964014      
1.4986387185132142       -1.0004479860057354      
1.498631627428704        -1.0004484050639597      
1.4986316713370311       -1.000444959828426       
1.4986329674735017       -1.0004498925147545      
1.49863133129524         -1.0004499309269343      
1.49863133129524         -1.0004499309269343      
1.498626931259629        -1.0004569958642193      
1.498632757385795        -1.0004488005126024      
1.4986325353047336       -1.0004466173884163      
1.4986290523822665       -1.000449792734162       
1.4986290523822665       -1.000449792734162       
1.498631781786849        -1.0004498082798627      
1.4986313160677276       -1.0004498809804636      
1.4986318162819032       -1.000449878101985       
1.4986315915464181       -1.0004496891320889      
1.4986285610042702       -1.0004507670732092      
1.4986248677852754       -1.0004409639248542      
1.4986322764350477       -1.0004503041330846      
1.4986322940277972       -1.000450194427919       
1.498633006454518        -1.0004482942001798      
1.498627004757493        -1.0004490003802986      
1.4986323026034396       -1.0004498431301576      
1.4986322648568082       -1.0004497372267225      
1.4986328122177965       -1.0004466166124013      
1.4986332064978696       -1.0004479817034218      
1.4986332064978696       -1.0004479817034218      
1.4986323342308907       -1.000450675028619       
1.4986318523269027       -1.0004474614710144      
1.4986329678586898       -1.000449675519295       
1.4986321712787751       -1.0004453062309908      
1.4986336829722158       -1.0004553425495362      
1.4986315630633564       -1.0004495920166125      
1.4986317873375208       -1.0004517436579627      
1.4986311777883694       -1.0004486331212765      
1.4986291235878628       -1.0004491951235335      
1.4986318755307053       -1.0004501945747606      
1.4986305516029985       -1.0004521530186459      
1.4986351149807584       -1.0004496899811555      
1.498632162060196        -1.000448547980577       
1.498629720757529        -1.000454850335746       
1.4986314149877005       -1.0004497275899558      
1.4986300539690345       -1.0004481669300396      
1.4986301541056979       -1.0004504976533273      
1.498631640554053        -1.0004466072077396      
1.498631325301909        -1.0004529356983571      
1.4986313197956536       -1.0004498362543863      
1.4986313197956536       -1.0004498362543863      
1.498628471164339        -1.0004537735107915      
1.4986342821358454       -1.0004514130057203      
1.4986314064713468       -1.0004498388826006      
1.4986286699507          -1.0004538337756366      
1.4986541867266396       -1.000477944942881       
1.4986281463858118       -1.00045257820875        
1.4986314552650104       -1.0004499311777837      
1.49864043064797         -1.0004448262012013      
1.4986281982793184       -1.000448191728386       
1.4986313231093278       -1.0004488814042505      
1.4986301032431815       -1.000450278789718       
1.4986315429192163       -1.0004499341894333      
1.4986318201460833       -1.0004496809791195      
1.4986326209568528       -1.0004506716745862      
1.4986399379024562       -1.000485719492461       
1.498630100090087        -1.0004499265246165      
1.4986342797915932       -1.0004494583582075      
1.4986323114660893       -1.0004500605827025      
1.4986322522272777       -1.000454472552389       
1.4986230625144885       -1.0004498794186893      
1.4986244967211577       -1.0004504836314407      
1.4986270068704504       -1.0004502012038634      
1.4986317891615308       -1.0004488822606055      
1.4986263236589055       -1.000453054852606       
1.4986263236589055       -1.000453054852606       
1.4986323668342638       -1.0004504335353706      
1.4986330099187735       -1.0004529362821852      
1.498634281306876        -1.0004497759975062      
1.498631775394971        -1.0004498603630587      
1.498631775394971        -1.0004498603630587      
1.4986316074548256       -1.0004497117748705      
1.4986313205515205       -1.00044858687342        
1.4986322522897688       -1.0004517503061414      
1.4986329677945898       -1.0004483573261573      
1.4986317778625378       -1.0004498965339812      
1.4986315381420456       -1.000449564183804       
1.4986401200311734       -1.0004442067564487      
1.4986323020388854       -1.000450432385097       
1.498628199027705        -1.000448299393229       
1.4986318720067087       -1.0004501966037331      
1.4986329750907843       -1.0004496382302699      
1.4986315295397077       -1.0004496631638873      
1.4986284919426867       -1.0004529392944679      
1.498632970782082        -1.0004485959585385      
1.4986313507384612       -1.0004483847911223      
1.498631822908281        -1.000450757125616       
1.4986338024665593       -1.0004506845791423      
1.4986338024665593       -1.0004506845791423      
1.4986264105843496       -1.0004512549979552      
1.49863320665146         -1.0004483194038227      
1.498631863715914        -1.0004496487888495      
1.4986314065850583       -1.0004488823715088      
1.4986302012445338       -1.0004499553097994      
1.498630573529244        -1.0004498369211554      
1.4986314084413068       -1.0004466174799016      
1.4986315849909442       -1.000449670953497       
1.49863007069932         -1.0004498980263885      
1.4986313190995633       -1.0004493854409555      
1.498619678177823        -1.0004416996378775      
1.4986317848280242       -1.0004498364572452      
1.4986269598468873       -1.0004460214752735      
1.498633206064741        -1.0004493955882803      
1.4986321330289116       -1.000454445868405       
1.4986322616118108       -1.0004485756813326      
1.4986318406959576       -1.0004493632684952      
1.4986330218241242       -1.0004421988551322      
1.4986332592754519       -1.0004510509423425      
1.4986275981479154       -1.0004482871325528      
1.4986332070706738       -1.0004495241108724      
1.49863296764702         -1.0004469516369725      
1.4986322556812763       -1.0004498014122516      
1.4986330865590063       -1.0004506326717835      
1.4986311205573701       -1.0004483659807197      
1.4986311205573701       -1.0004483659807197      
1.4986323470577532       -1.0004526992504024      
1.4986332059752037       -1.0004502799463337      
1.4986298844943764       -1.0004504550655795      
1.4986298844943764       -1.0004504550655795      
1.498631386553378        -1.0004523397978615      
1.4986281975422684       -1.0004498482097628      
1.4986344691375921       -1.0004435181616456      
1.4986329681243187       -1.0004499303355916      
1.4986329681243187       -1.0004499303355916      
1.4986315708550877       -1.000449638772671       
1.4986332905586146       -1.0004515056910501      
1.4986280859751042       -1.0004476970624756      
1.498634350830136        -1.000456512141176       
1.4986316233362726       -1.0004498502777266      
1.498635828478811        -1.0004481349499212      
1.4986316822172123       -1.000454783825904       
1.498631647665127        -1.0004496239394058      
1.4986337301939345       -1.00045067475087        
1.4986265368277263       -1.0004501938858053      
1.4986308259164463       -1.0004466165407262      
1.498625214503293        -1.000452403830092       
1.498631778301784        -1.0004498849180534      
1.498633471729332        -1.0004444717849896      
1.49863139184996         -1.0004501944795463      
1.4986318488876287       -1.0004494785963012      
1.4986301060867595       -1.0004499273784013      
1.4986323438063507       -1.0004504326557382      
1.4986313770090847       -1.0004494293575772      
1.4986291229356565       -1.0004521016089272      
1.49862450341949         -1.0004489556115777      
1.4986336832186016       -1.0004483223426932      
1.4986314169987807       -1.0004497437144444      
1.4986299867783752       -1.0004453002361244      
1.4986313703717575       -1.0004500643075684      
1.4986322543639394       -1.000449797090138       
1.4986317376780738       -1.0004466156010297      
1.4986327290719548       -1.0004502864999576      
1.4986305831525788       -1.0004499437934526      
1.4986338546539455       -1.0004476904316357      
1.4986442473202193       -1.0004633069069846      
1.498627564554728        -1.0004377954171317      
1.498627564554728        -1.0004377954171317      
1.4986275951051151       -1.0004499464763013      
1.4986318353496757       -1.0004497521586733      
1.4986318353496757       -1.0004497521586733      
1.4986301055872098       -1.0004497438719895      
1.4986269868156485       -1.0004496575062214      
1.4986269868156485       -1.0004496575062214      
1.4986317757836984       -1.000450461057885       
1.498639748950294        -1.000450528344023       
1.4986324754845588       -1.000445306153411       
1.4986383322980654       -1.0004502247399176      
1.4986305085333056       -1.0004493594266035      
1.4986281084226794       -1.0004519103847844      
1.4986244593139246       -1.0004468737685586      
1.4986244593139246       -1.0004468737685586      
1.4986314357125736       -1.0004499303241603      
1.4986290491058873       -1.0004453063010614      
1.4986318049433054       -1.0004486439561366      
1.4986313807826739       -1.0004499342830984      
1.4986313807826739       -1.0004499342830984      
1.4986315708419835       -1.0004494781700648      
1.4986313609621738       -1.0004496671062468      
1.4986321405354188       -1.0004465475806312      
1.4986300507548995       -1.0004548436294272      
1.4986322402397623       -1.0004496613700224      
1.4986313240812181       -1.0004485640144403      
1.4986310504336045       -1.0004475706145641      
1.4986318199616604       -1.0004495107964593      
1.49863178847524         -1.0004494775438917      
1.4986308728513693       -1.000449865047465       
1.498633210955669        -1.0004475686754166      
1.4986316690354748       -1.0004472134788964      
1.4986315637679792       -1.0004496432314804      
1.4986315170710778       -1.0004507136406735      
1.4986315170710778       -1.0004507136406735      
1.4986340055190976       -1.0004553798502052      
1.498626649373928        -1.0004449647798748      
1.4986301007004286       -1.0004496515098589      
1.4986301007004286       -1.0004496515098589      
1.4986313677697123       -1.0004496256425979      
1.4986315538704675       -1.0004496949063282      
1.4986322536012155       -1.0004517446500345      
1.4986313573646288       -1.0004498633844812      
1.4986330095569675       -1.0004435174156725      
1.498627601722605        -1.0004499153192017      
1.498629152711761        -1.0004506922635412      
1.4986279476311934       -1.000453770822035       
1.498632995645002        -1.0004503055503404      
1.4986249803173948       -1.0004519116145374      
1.4986249803173948       -1.0004519116145374      
1.4986323116656866       -1.0004486000905672      
1.4986318414344373       -1.0004547238466466      
1.4986290955347223       -1.0004529369685273      
1.4986329744170956       -1.000445305605512       
1.4986301524630048       -1.0004488016286284      
1.4986315329046387       -1.0004496027082295      
1.498632334632815        -1.0004488824641433      
1.4986318590561827       -1.0004494786094824      
1.4986275985587796       -1.0004498764291512      
1.4986315928836726       -1.000449602609947       
1.4986289049512649       -1.000448796728521       
1.498631788224937        -1.000449702382593       
1.4986271328362784       -1.0004434821617814      
1.4986318724049916       -1.0004507094564952      
1.4986322128260972       -1.000454843131834       
1.498631417724965        -1.0004494140463998      
1.4986322584596248       -1.0004499103522189      
1.498631836402294        -1.0004501940642185      
1.49862756239383         -1.000449955437297       
1.4986321582630546       -1.0004494346656168      
1.4986270063233667       -1.000454298969583       
1.498632371407869        -1.000451844662247       
1.4986301002908688       -1.000447971879508       
1.4986237868108745       -1.0004506750174949      
1.4986273834938884       -1.0004466175918931      
1.4986273834938884       -1.0004466175918931      
1.4986205696887624       -1.0004465468785197      
1.4986286271179068       -1.0004484048035376      
1.4986357330927234       -1.0004442326753484      
1.4986357330927234       -1.0004442326753484      
1.4986269973113424       -1.000446561673245       
1.4986317953049775       -1.0004527237514278      
1.4986296192235224       -1.0004486370669525      
1.4986332659443369       -1.0004475712538707      
1.4986358099460595       -1.0004529357315368      
1.4986315916620474       -1.0004497268393524      
1.4986318420544171       -1.0004537706672287      
1.4986304037965157       -1.000450303196565       
1.4986264108083938       -1.000454378482426       
1.4986328076719406       -1.0004549381854286      
1.4986314477162672       -1.0004496613283456      
1.4986318200530604       -1.0004496929188702      
1.4986293214581012       -1.0004502813201186      
1.4986270068793268       -1.000449895928747       
1.4986233085236245       -1.0004486294095263      
1.4986322544796318       -1.0004497514668023      
1.498632972279792        -1.0004482944251123      
1.498632972279792        -1.0004482944251123      
1.4986304801136272       -1.0004502830687774      
1.4986313293804214       -1.0004472134165414      
1.4986314143721298       -1.0004497868248157      
1.4986326684140117       -1.0004507059702041      
1.4986326684140117       -1.0004507059702041      
1.4986313142968648       -1.0004499325315381      
1.4986322576296391       -1.0004523411513324      
1.4986311752504333       -1.0004494435404567      
1.4986299871202324       -1.0004488273077086      
1.4986305409588898       -1.0004507845053094      
1.498626648106278        -1.0004452228466199      
1.4986318100609475       -1.0004490014425267      
1.498631499482964        -1.0004495483696911      
1.4986301049088189       -1.0004483588825248      
1.4986301049088189       -1.0004483588825248      
1.4986322787564401       -1.0004489446945883      
1.4986303494227924       -1.0004452455440387      
1.4986289112786022       -1.0004488439268704      
1.4986326967647454       -1.0004506734249032      
1.4986343638418929       -1.0004496904307447      
1.4986249802123288       -1.0004485619752337      
1.498629148240847        -1.0004480184682842      
1.498631538909595        -1.0004495959159712      
1.498631805594617        -1.0004488817298223      
1.4986295616795402       -1.0004486205399046      
1.4986321817794606       -1.0004486441428277      
1.4986329675514833       -1.0004506747550022      
1.4986323558323256       -1.0004500107614984      
1.4986332568034355       -1.000449444831788       
1.4986291361634971       -1.0004501939511419      
1.4986343587594144       -1.0004406565087383      
1.4986329850495732       -1.0004503919329         
1.4986333028251222       -1.0004543663081478      
1.4986313517564982       -1.0004496420519478      
1.4986313517564982       -1.0004496420519478      
1.4986322535543053       -1.0004502196852798      
1.4986249133529297       -1.000452166521765       
1.4986313028494445       -1.0004498069962735      
1.4986299562394327       -1.0004548443398729      
1.4986314167547252       -1.0004496854715754      
1.4986315927306064       -1.0004494769363552      
1.498628125984243        -1.0004406510724766      
1.4986342983830303       -1.0004435162413192      
1.498633684045382        -1.0004502545563845      
1.4986357346980497       -1.000449001776486       
1.4986329679831676       -1.0004521083495594      
1.4986332165167275       -1.0004498299034605      
1.4986389860813978       -1.0004484621133964      
1.4986286758656469       -1.000443488523278       
1.498629152547523        -1.0004545027492902      
1.4986332059537284       -1.0004482920100553      
1.4986314159021974       -1.0004494242907958      
1.4986280752407337       -1.0004548437199823      
1.498631776071172        -1.0004494626360574      
1.498627568313199        -1.0004495978688814      
1.4986313986737057       -1.0004480467987589      
1.4986315145182885       -1.0004494224740748      
1.498631313970421        -1.0004517447037384      
1.4986300916347008       -1.0004483074530326      
1.4986340328896486       -1.0004502091865675      
1.4986205695911259       -1.0004506559840254      
1.4986319053536772       -1.0004466173263538      
1.4986337395039138       -1.0004487977586267      
1.4986314098406446       -1.0004494442240186      
1.4986322451503813       -1.0004484050878968      
1.4986256883280813       -1.0004498637294383      
1.4986332324858156       -1.0004548431258231      
1.4986270066997376       -1.000448621574975       
1.4986332756876908       -1.0004542482410168      
1.4986314438281048       -1.0004496845392499      
1.4986330302547344       -1.0004469738669757      
1.4986316459907478       -1.0004506709218184      
1.498614131502885        -1.000407397707998       
1.4986307985752996       -1.0004499465009415      
1.4986322043878233       -1.0004480476118789      
1.498631628682326        -1.0004496207545772      
1.4986324404823705       -1.0004502360574283      
1.4986324404823705       -1.0004502360574283      
1.4986321428807101       -1.000450221358476       
1.4986302249658434       -1.000448338262677       
1.4986332553222352       -1.0004504327605603      
1.498632259656728        -1.00044530626743        
1.4986301057497124       -1.0004496100931202      
1.4986318417754958       -1.0004501946651387      
1.4986318417754958       -1.0004501946651387      
1.4986300566287598       -1.000450685137892       
1.4986314499279982       -1.0004494567824653      
1.4986286400431574       -1.0004547239069042      
1.4986338131458927       -1.0004483545464726      
1.498631334297225        -1.0004502799651962      
1.4986323928883174       -1.000452936606156       
1.4986318877733815       -1.0004420875986753      
1.498631417628206        -1.0004488769432216      
1.498631417628206        -1.0004488769432216      
1.4986314120010464       -1.000449748034675       
1.4986322603136777       -1.000449677803525       
1.4986266491233982       -1.0004465734856098      
1.4986315405183723       -1.0004498787517297      
1.4986301058285327       -1.0004502436220446      
1.4986304847218999       -1.000450672309515       
1.4986304847218999       -1.000450672309515       
1.4986332071894217       -1.000453693279919       
1.4986297417605432       -1.000449848415536       
1.4986342987557648       -1.000453775180788       
1.4986322570266157       -1.0004507123745972      
1.498631779048387        -1.0004504953372026      
1.4986288815213005       -1.0004435157368732      
1.4986318897807724       -1.0004485454879581      
1.4986316748052886       -1.000448967605693       
1.498632368372863        -1.000449667799445       
1.4986340519288595       -1.0004435179473332      
1.498631801372942        -1.0004494785193612      
1.498626361007216        -1.0004433618624742      
1.498632975584952        -1.0004553201455424      
1.498632371420944        -1.000446923023184       
1.4986323578087848       -1.000448046886783       
1.4986330157297858       -1.000447569612176       
1.4986313272463578       -1.0004496302286998      
1.4986313272463578       -1.0004496302286998      
1.498631889189751        -1.000449597836444       
1.4986313226535148       -1.0004507338605353      
1.4986313226535148       -1.0004507338605353      
1.498636060922364        -1.0004517054972413      
1.4986237717492021       -1.0004548430553752      
1.4986315847382317       -1.000449841126072       
1.4986330339133014       -1.000449698873762       
1.4986314106392435       -1.000449683955831       
1.498634758761933        -1.000450467754375       
1.498631449605407        -1.000449602265106       
1.4986332102256235       -1.0004499762893153      
1.4986317860809857       -1.0004487689627182      
1.4986329703271988       -1.0004505326799769      
1.4986266481472843       -1.000444233389914       
1.4986317934535955       -1.0004494399238673      
1.4986313451868358       -1.0004486440724822      
1.498627591545406        -1.00045269755727        
1.498627591545406        -1.00045269755727        
1.498629698673529        -1.0004466169319028      
1.4986269908797463       -1.0004537702691652      
1.4986328994577252       -1.0004466114987276      
1.4986270066151746       -1.000448948769178       
1.4986313212403686       -1.0004489192947856      
1.4986332066006023       -1.0004497569644484      
1.4986322522281093       -1.0004523415008066      
1.4986301054195448       -1.000446616161625       
1.4986210442294405       -1.0004538809444037      
1.4986342797995658       -1.0004529358387424      
1.498638932899557        -1.0004502989446349      
1.4986315880765386       -1.0004496530648612      
1.4986478545575888       -1.0004579447092254      
1.4986297375428432       -1.000449898431446       
1.4986330341961882       -1.0004469725383827      
1.4986316260759611       -1.0004537703846759      
1.4986327972911144       -1.0004502748430237      
1.498632252323109        -1.0004518697849751      
1.498633013540426        -1.0004504323573427      
1.4986310960571758       -1.000449478540937       
1.498626774288708        -1.0004435181612297      
1.4986310106393594       -1.000448642984417       
1.4986310106393594       -1.000448642984417       
1.498631387491698        -1.0004537703059704      
1.4986329678568275       -1.0004471695623127      
1.4986275948786347       -1.0004506515646152      
1.498631894566607        -1.00044939242569        
1.4986316282784768       -1.0004496501277165      
1.4986316282784768       -1.0004496501277165      
1.498630106283652        -1.0004506217593574      
1.498629152534439        -1.0004502134467148      
1.498631629043121        -1.0004498402514688      
1.4986291232344302       -1.000452697596484       
1.4986332365567006       -1.0004497273783723      
1.4986317784167904       -1.000449664584425       
1.4986317784167904       -1.000449664584425       
1.4986347556580024       -1.0004443666675429      
1.4986357190884043       -1.0004506707193128      
1.4986317754244634       -1.0004523810778607      
1.4986314080433618       -1.000448644083546       
1.4986315512084671       -1.0004496307070494      
1.498627548916815        -1.0004516463145672      
1.498627548916815        -1.0004516463145672      
1.4986321751737013       -1.0004498530747352      
1.498631875856268        -1.000451615698633       
1.498631177553682        -1.0004466173142594      
1.498629151611727        -1.0004518563963567      
1.4986316491752398       -1.0004496040613282      
1.4986316420528938       -1.000449668832542       
1.498630498674035        -1.0004499071389688      
1.4986313951720247       -1.000447688661582       
1.4986317943329805       -1.0004498533897461      
1.4986314148976445       -1.000448915132447       
1.4986270067886338       -1.0004489588713785      
1.4986323517051714       -1.000448773672246       
1.4986315246134434       -1.0004494763302494      
1.498632967494502        -1.0004483865936387      
1.4986314080937377       -1.0004496469736306      
1.4986290650043212       -1.0004440886046564      
1.4986314169248576       -1.00044988495551        
1.4986314471476072       -1.000449423255872       
1.498633039575962        -1.0004542471157076      
1.4986330222834086       -1.0004498487600801      
1.4986310869415196       -1.0004498399840795      
1.4986323411714815       -1.0004506709835066      
1.498629109527417        -1.0004484056858558      
1.4986330804285364       -1.0004479916748623      
1.4986270013479335       -1.0004479864986124      
1.498630105022524        -1.00044891400473        
1.498631395476013        -1.0004494499720242      
1.498638419862542        -1.0004465377815588      
1.4986318413233835       -1.0004501948607485      
1.4986313604377761       -1.000451645266032       
1.4986332898804262       -1.0004529374869835      
1.4986329862891044       -1.0004500423149132      
1.498628675335515        -1.0004483626313623      
1.4986317767521145       -1.0004489521213022      
1.4986317767521145       -1.0004489521213022      
1.498638331939588        -1.0004502715693242      
1.4986313214977294       -1.0004499448492306      
1.4986290574005403       -1.0004464557137622      
1.498630133447549        -1.0004497615042403      
1.4986313844948158       -1.0004484011733727      
1.4986295422066636       -1.000450670719195       
1.498631125372181        -1.0004488818151962      
1.4986389546956516       -1.0004399418283663      
1.4986330157622472       -1.0004506707393364      
1.498633207813981        -1.000448792599575       
1.4986301055214473       -1.0004495998994845      
1.4986322525077027       -1.0004518151066482      
1.4986357114717652       -1.000451753855254       
1.4986318933703697       -1.0004517521878988      
1.4986348864582404       -1.0004484057263519      
1.4986269179351277       -1.0004548443946601      
1.4986281990710812       -1.0004524384460067      
1.4986316951370577       -1.0004494786187093      
1.4986323680401394       -1.0004529372328241      
1.4986274716453853       -1.000446609605222       
1.4986274716453853       -1.000446609605222       
1.4986310770340672       -1.0004498875273315      
1.4986332367627968       -1.0004584195932071      
1.4986301006028364       -1.0004488039367065      
1.498633015922593        -1.000449870019119       
1.4986275546903443       -1.0004499396264557      
1.4986270062372726       -1.0004479988235029      
1.4986197328624102       -1.0004486349127455      
1.498631356198108        -1.0004480454620235      
1.4986403590481867       -1.0004507646530063      
1.4986205696634207       -1.0004580929242188      
1.498626904031086        -1.0004512669677224      
1.498631600069202        -1.0004496917946428      
1.4986291445670683       -1.000450216149633       
1.498631330516579        -1.000449836414527       
1.4986316506861763       -1.0004501939571706      
1.4986301064450236       -1.0004483722074258      
1.4986263500650578       -1.0004486441394003      
1.498624635171307        -1.0004527811877943      
1.4986343975349838       -1.0004441745365384      
1.4986322849785592       -1.000452021498089       
1.4986316449367298       -1.0004498454175157      
1.498632969242982        -1.0004489654285031      
1.498631608308448        -1.0004494750617705      
1.498631608308448        -1.0004494750617705      
1.4986283711583293       -1.0004543130308343      
1.4986313177010182       -1.0004493741716036      
1.4986370205970057       -1.000458520962163       
1.4986333205009872       -1.000449598860435       
1.498631379368516        -1.0004498362682288      
1.4986313334211          -1.0004496568388115      
1.4986290805286147       -1.0004464117545226      
1.4986332540180725       -1.0004483008000373      
1.498634278925717        -1.000451726579019       
1.498627602092857        -1.0004470369730296      
1.4986293885176376       -1.0004506050633455      
1.498638524230144        -1.0004548434639529      
1.4986308589768529       -1.000450194046417       
1.4986281990812953       -1.0004483516047054      
1.4986275772164956       -1.0004471906924395      
1.4986336857331644       -1.0004502149503096      
1.4986313012822021       -1.0004504536659904      
1.4986322754368198       -1.0004496824487905      
1.4986329677336812       -1.0004562073835215      
1.49863180723007         -1.0004498368199966      
1.4986316228906404       -1.000450674842195       
1.4986301038255947       -1.0004497345586094      
1.4986328216079459       -1.0004498300120144      
1.4986328216079459       -1.0004498300120144      
1.4986321357215802       -1.0004507257572948      
1.4986321357215802       -1.0004507257572948      
1.4986301049471848       -1.0004483361920369      
1.498631891409278        -1.00044974875197        
1.4986247284607928       -1.0004499554048754      
1.4986270042939567       -1.0004505001175317      
1.4986322600313327       -1.0004494102161419      
1.498631401178251        -1.0004472136497475      
1.4986322688658398       -1.0004494786262113      
1.4986386956274997       -1.000447520858535       
1.4986317968851925       -1.000446617522015       
1.4986308138865647       -1.0004507276032018      
1.4986337164005556       -1.0004529359370042      
1.4986337164005556       -1.0004529359370042      
1.4986311325718293       -1.00044983713891        
1.4986322533485494       -1.0004498042305012      
1.4986252187506826       -1.0004502734037992      
1.4986252187506826       -1.0004502734037992      
1.4986322526298255       -1.0004498081248814      
1.4986322526298255       -1.0004498081248814      
1.498631553915863        -1.0004496588403335      
1.4986336849684514       -1.000449687637946       
1.4986313939841893       -1.000449478277726       
1.498626640731379        -1.000450694763723       
1.4986318174221671       -1.0004498517702658      
1.4986311449750385       -1.000448882567859       
1.4986311449750385       -1.000448882567859       
1.4986314120535111       -1.0004505402018442      
1.4986343537644085       -1.0004466175673827      
1.4986301041689696       -1.0004502712081822      
1.498632255959583        -1.000450514315824       
1.498632338697407        -1.0004504331466106      
1.498633207540365        -1.0004497958118688      
1.498632252216353        -1.0004505150925318      
1.4986306663628506       -1.0004507387644532      
1.4986333155077167       -1.0004466170652453      
1.4986301048247463       -1.0004495413881296      
