a                        b                        
1.4984618751860397       -1.0003247991849091      
1.4984620272939895       -1.0003247784036342      
1.4984620272939895       -1.0003247784036342      
1.4984618751335346       -1.0003247990649902      
1.4984618704055863       -1.0003247786961869      
1.4984618704055863       -1.0003247786961869      
1.4984618751759475       -1.0003247993106035      
1.4984618751759475       -1.0003247993106035      
1.4984618751542063       -1.0003247991625608      
1.4984618751542063       -1.0003247991625608      
1.4984618751626961       -1.0003247991886013      
1.4984618751626961       -1.0003247991886013      
1.498461875170808        -1.000324799182675       
1.498461875170808        -1.000324799182675       
1.4984618751198842       -1.0003247990044666      
1.4984618751198842       -1.0003247990044666      
1.4984619116052469       -1.0003248007147756      
1.4984619116052469       -1.0003248007147756      
1.4984618693458258       -1.0003247773496902      
1.4984618693458258       -1.0003247773496902      
1.4984618679695119       -1.0003247768871981      
1.4984618679695119       -1.0003247768871981      
1.4984618700749903       -1.000324775164125       
1.4984618700749903       -1.000324775164125       
1.498461976659254        -1.000324801454131       
1.498461976659254        -1.000324801454131       
1.4984618751446646       -1.0003247991078605      
1.4984618751446646       -1.0003247991078605      
1.4984618753046623       -1.0003247991792632      
1.4984618753046623       -1.0003247991792632      
1.4984618753046623       -1.0003247991792632      
1.4984618751811407       -1.0003247991912345      
1.4984615892628088       -1.0003243813670553      
1.4984615892628088       -1.0003243813670553      
1.4984618751432708       -1.0003247990958206      
1.4984618751432708       -1.0003247990958206      
1.4984618751432708       -1.0003247990958206      
1.498461875169852        -1.0003247991847837      
1.498461872540179        -1.0003248126329685      
1.4984618873363447       -1.0003247974119265      
1.498461875182282        -1.0003247991517583      
1.498461875182282        -1.0003247991517583      
1.4984618748818417       -1.000324814891432       
1.4984618712197066       -1.000325038749839       
1.4984618712197066       -1.000325038749839       
1.4984618751580736       -1.0003247991699167      
1.4984618746376879       -1.0003248493308834      
1.4984618024947325       -1.0003251667329174      
1.4984620112426115       -1.0003248062927443      
1.4984618751895937       -1.0003247991420132      
1.4984618751895937       -1.0003247991420132      
1.4984618752373013       -1.0003247991278201      
1.4984618752373013       -1.0003247991278201      
1.4984618751690446       -1.0003247991820738      
1.4984618751690446       -1.0003247991820738      
1.4984618751690446       -1.0003247991820738      
1.498461875536364        -1.0003247992083408      
1.4984618730794157       -1.0003247868070309      
1.498461858481018        -1.0003250189138502      
1.4984618754576202       -1.0003247991561741      
1.4984618659803643       -1.0003247664331778      
1.4984618659803643       -1.0003247664331778      
1.4984618010750508       -1.0003251344674677      
1.4984618010750508       -1.0003251344674677      
1.4984618751474659       -1.0003247991417301      
1.4984618751474659       -1.0003247991417301      
1.4984618751974064       -1.0003247991884696      
1.4984618751974064       -1.0003247991884696      
1.4984618751380108       -1.00032479908222        
1.4984618751380108       -1.00032479908222        
1.4984618721023488       -1.0003248140803496      
1.4984618721023488       -1.0003248140803496      
1.4984618876682465       -1.000324797528943       
1.4984618876682465       -1.000324797528943       
1.4984618752969077       -1.0003247991952129      
1.4984618752969077       -1.0003247991952129      
1.4984618752969077       -1.0003247991952129      
1.4984618752000243       -1.0003247991990036      
1.4984618751345231       -1.0003248031548435      
1.4984618751345231       -1.0003248031548435      
1.4984618761698147       -1.0003247991239677      
1.4984618761698147       -1.0003247991239677      
1.4984620283837926       -1.000324786794754       
1.4984620283837926       -1.000324786794754       
1.4984618750536058       -1.0003247987143356      
1.4984618750536058       -1.0003247987143356      
1.4984618724103327       -1.0003247905765282      
1.4984618724103327       -1.0003247905765282      
1.4984618724103327       -1.0003247905765282      
1.4984618751452299       -1.0003247991155475      
1.4984618518029498       -1.0003249146957802      
1.4984618769434024       -1.0003247987681225      
1.498461864686347        -1.0003247682035805      
1.498461862002875        -1.0003249600569002      
1.498461862002875        -1.0003249600569002      
1.4984618734516912       -1.0003248042873112      
1.4984618734516912       -1.0003248042873112      
1.4984618741942313       -1.0003248566772014      
1.4984618711471707       -1.0003247972885627      
1.4984618751835619       -1.0003247991916655      
1.4984618751835619       -1.0003247991916655      
1.4984618751835619       -1.0003247991916655      
1.4984619288471028       -1.0003247948416607      
1.4984619288471028       -1.0003247948416607      
1.4984619750520882       -1.0003248050070317      
1.4984618751810106       -1.000324799191682       
1.4984618751810106       -1.000324799191682       
1.4984618751431429       -1.0003247991053708      
1.4984618751431429       -1.0003247991053708      
1.4984618750873173       -1.0003247991920092      
1.4984609543681027       -1.0003241381109036      
1.4984617783681744       -1.0003250407742204      
1.4984617783681744       -1.0003250407742204      
1.498461875166664        -1.00032479923223        
1.4984618757029222       -1.0003247991533204      
1.4984618757029222       -1.0003247991533204      
1.4984619779262585       -1.0003247924118666      
1.4984619779262585       -1.0003247924118666      
1.498461875320899        -1.0003247991945656      
1.498461875320899        -1.0003247991945656      
1.4984618623075097       -1.0003250543858746      
1.4984618623075097       -1.0003250543858746      
1.4984618751653571       -1.0003247991935837      
1.4984618751564598       -1.000324799168698       
1.49846191207846         -1.000324796772504       
1.49846191207846         -1.000324796772504       
1.49846191207846         -1.000324796772504       
1.4984618752178005       -1.0003247991542656      
1.4984618752027448       -1.0003247991881987      
1.4984618727021528       -1.0003247810946674      
1.4984618727021528       -1.0003247810946674      
1.498461875165229        -1.0003247991656588      
1.498461875165229        -1.0003247991656588      
1.4984618218560872       -1.0003247898333432      
1.4984618218560872       -1.0003247898333432      
1.49846187516385         -1.000324799205825       
1.49846187516385         -1.000324799205825       
1.498461875251699        -1.0003247992012165      
1.498461875251699        -1.0003247992012165      
1.4984618531241227       -1.0003250658575746      
1.4984618531241227       -1.0003250658575746      
1.4984618561033585       -1.0003250059169417      
1.4984618752030954       -1.0003247991912865      
1.498461019852611        -1.000324284895353       
1.4984618457994092       -1.0003247805938809      
1.4984618457994092       -1.0003247805938809      
1.4984618593961612       -1.000324989856645       
1.4984618593961612       -1.000324989856645       
1.498461243314583        -1.0003242430948647      
1.498461243314583        -1.0003242430948647      
1.4984618750763878       -1.0003247988049275      
1.4984618750763878       -1.0003247988049275      
1.4984618750209284       -1.0003247985946913      
1.4984618750209284       -1.0003247985946913      
1.4984616824048356       -1.0003247453031814      
1.4984616824048356       -1.0003247453031814      
1.4984616824048356       -1.0003247453031814      
1.4984618751409826       -1.0003247990925561      
1.4984620258159407       -1.0003248028268412      
1.4984618751610128       -1.0003247992492506      
1.4984618751610128       -1.0003247992492506      
1.4984618751419396       -1.000324799100731       
1.4984618751419396       -1.000324799100731       
1.4984618898698374       -1.0003247980685213      
1.4984618898698374       -1.0003247980685213      
1.498461875301551        -1.0003247991948891      
1.498461875301551        -1.0003247991948891      
1.498461870011581        -1.000324773420565       
1.498461870011581        -1.000324773420565       
1.4984618729497483       -1.0003247991904696      
1.4984618751746996       -1.0003247991803355      
1.4984618732351618       -1.0003248846764021      
1.4984618732351618       -1.0003248846764021      
1.4984618751662078       -1.0003247991661643      
1.4984618755593109       -1.000324799115037       
1.4984618755593109       -1.000324799115037       
1.4984618755593109       -1.000324799115037       
1.4984618753473666       -1.0003247992276552      
1.4984618751293703       -1.0003247991448583      
1.4984618751293703       -1.0003247991448583      
1.4984618750270067       -1.0003247991236692      
1.4984618750270067       -1.0003247991236692      
1.498461868729582        -1.0003247987066153      
1.498461868729582        -1.0003247987066153      
1.4984618745999772       -1.0003247962828545      
1.4984618745999772       -1.0003247962828545      
1.498461875400584        -1.0003247991175948      
1.498461875400584        -1.0003247991175948      
1.4984618751214114       -1.0003247990107973      
1.4984618751865344       -1.0003247991622444      
1.4984618757708956       -1.0003247991986293      
1.4984618757708956       -1.0003247991986293      
1.4984618757708956       -1.0003247991986293      
1.4984618751904462       -1.000324799184728       
1.4984618756952208       -1.0003247991404178      
1.4984618723928018       -1.0003247911836615      
1.4984618723928018       -1.0003247911836615      
1.4984618751694383       -1.0003247992606976      
1.4984618751694383       -1.0003247992606976      
1.4984618751932386       -1.0003247991860051      
1.4984618751932386       -1.0003247991860051      
1.498461886318194        -1.0003247984508623      
1.498461886318194        -1.0003247984508623      
1.4984618752429022       -1.0003247991937532      
1.4984618752429022       -1.0003247991937532      
1.4984618736165756       -1.0003247913791549      
1.4984618736165756       -1.0003247913791549      
1.498461910443836        -1.0003247968517008      
1.498461910443836        -1.0003247968517008      
1.4984619558192132       -1.0003247908895054      
1.4984619558192132       -1.0003247908895054      
1.4984619558192132       -1.0003247908895054      
1.4984618757423473       -1.0003247991988475      
1.4984618738742443       -1.000324822868302       
1.4984618738742443       -1.000324822868302       
1.4984618752             -1.000324799192072       
1.4984618752             -1.000324799192072       
1.4984619951244413       -1.0003248021702538      
1.4984619951244413       -1.0003248021702538      
1.4984618726963967       -1.0003247991931408      
1.4984618726963967       -1.0003247991931408      
1.4984619136739714       -1.0003247953491754      
1.4984619136739714       -1.0003247953491754      
1.4984618751829077       -1.0003247991891684      
1.4984618751829077       -1.0003247991891684      
1.4984618752248613       -1.0003247991776767      
1.4984618752248613       -1.0003247991776767      
1.4984618751741974       -1.0003247991913173      
1.4984618751482641       -1.0003247991504984      
1.4984618759889177       -1.0003247992076658      
1.4984618730258732       -1.0003248356933363      
1.4984618730258732       -1.0003248356933363      
1.4984618751789398       -1.0003247991912043      
1.4984618751789398       -1.0003247991912043      
1.4984618751438243       -1.0003247991443531      
1.4984618751438243       -1.0003247991443531      
1.498461874655461        -1.0003247956436354      
1.498461874655461        -1.0003247956436354      
1.4984618753834111       -1.0003247991564368      
1.4984618704795845       -1.000324795632724       
1.4984618704795845       -1.000324795632724       
1.4984618505014198       -1.0003247197327383      
1.4984618724750653       -1.0003248017303457      
1.4984618724750653       -1.0003248017303457      
1.4984619108717763       -1.0003247968519708      
1.4984619108717763       -1.0003247968519708      
1.4984618534897525       -1.0003249082310768      
1.4984618534897525       -1.0003249082310768      
1.4984618752408747       -1.0003248202460815      
1.4984618752408747       -1.0003248202460815      
1.4984618752408747       -1.0003248202460815      
1.498461833616167        -1.0003249083881642      
1.498461833616167        -1.0003249083881642      
1.498461852119014        -1.000324942965884       
1.498461852119014        -1.000324942965884       
1.4984618753337142       -1.0003247991035888      
1.4984618753337142       -1.0003247991035888      
1.4984618753337142       -1.0003247991035888      
1.498461875197226        -1.0003247991860875      
1.498461875197226        -1.0003247991860875      
1.49846187530275         -1.0003247991998823      
1.49846187530275         -1.0003247991998823      
1.498461875227539        -1.0003247991935824      
1.498461875227539        -1.0003247991935824      
1.498461869564314        -1.0003247717935049      
1.498461869564314        -1.0003247717935049      
1.498461627506156        -1.0003246674030812      
1.4984618079805276       -1.0003247898263166      
1.4984618079805276       -1.0003247898263166      
1.4984618625037223       -1.0003247998982931      
1.4984618625037223       -1.0003247998982931      
1.4984618642576826       -1.0003249426451848      
1.4984618789936468       -1.0003247982505583      
1.4984618789936468       -1.0003247982505583      
1.4984618717459317       -1.0003247814420988      
1.4984618717459317       -1.0003247814420988      
1.4984618750966947       -1.0003247990250321      
1.498462001600641        -1.0003247888546674      
1.498462001600641        -1.0003247888546674      
1.498461874225671        -1.0003247952818661      
1.498461874225671        -1.0003247952818661      
1.498461710189184        -1.0003246184090182      
1.498461710189184        -1.0003246184090182      
1.4984618630967144       -1.0003247471450702      
1.498461872248562        -1.0003248022741538      
1.498461872248562        -1.0003248022741538      
1.4984613273739813       -1.0003245014136266      
1.4984618752582353       -1.0003247992016515      
1.4984618752582353       -1.0003247992016515      
1.4984618752582353       -1.0003247992016515      
1.4984618804945729       -1.0003247988847264      
1.4984618804945729       -1.0003247988847264      
1.4984608968874658       -1.000324337143564       
1.4984608968874658       -1.000324337143564       
1.4984619107405641       -1.0003247963143196      
1.4984618752248657       -1.000324799179467       
1.4984618752248657       -1.000324799179467       
1.498461874691595        -1.0003248000349592      
1.498461874691595        -1.0003248000349592      
1.4984618482473193       -1.000325154971966       
1.498461866834368        -1.0003247705203735      
1.498461866834368        -1.0003247705203735      
1.498461875159628        -1.0003247992126942      
1.4984619463705557       -1.000324800560786       
1.4984619463705557       -1.000324800560786       
1.4984614447831213       -1.0003256323488774      
1.4984614447831213       -1.0003256323488774      
1.498461875169976        -1.0003247991876552      
1.498461875265229        -1.0003247991769584      
1.4984618752260486       -1.0003247992160287      
1.4984619658991127       -1.000324791620361       
1.4984619658991127       -1.000324791620361       
1.4984618752211314       -1.0003247991888362      
1.4984618752211314       -1.0003247991888362      
1.4984618754464698       -1.0003247992010278      
1.4984618753046766       -1.0003247991977657      
1.4984618753046766       -1.0003247991977657      
1.4984618751959957       -1.0003247991848818      
1.4984618751959957       -1.0003247991848818      
1.4984618751959957       -1.0003247991848818      
1.4984618751720857       -1.0003247994385809      
1.4984618751720857       -1.0003247994385809      
1.498461875177299        -1.0003247991907573      
1.498461875177299        -1.0003247991907573      
1.4984617988343307       -1.0003247249678         
1.498461875181572        -1.0003247991911184      
1.498461875181572        -1.0003247991911184      
1.4984618751570968       -1.0003247991642488      
1.4984618751570968       -1.0003247991642488      
1.498461970650955        -1.000324791358229       
1.4984618748441587       -1.0003247976061516      
1.4984618748441587       -1.0003247976061516      
1.498461980194967        -1.0003247783109486      
1.498461980194967        -1.0003247783109486      
1.4984618570544805       -1.0003250205417775      
1.4984618716803968       -1.000324781790407       
1.4984618716803968       -1.000324781790407       
1.498461875371596        -1.0003247991668487      
1.498461875371596        -1.0003247991668487      
1.4984618751981995       -1.000324799190105       
1.4984618751981995       -1.000324799190105       
1.4984618714847096       -1.000324803459131       
1.4984618721348115       -1.0003248019379376      
1.4984618721348115       -1.0003248019379376      
1.4984618747485663       -1.000324799160664       
1.4984618747485663       -1.000324799160664       
1.4984618747485663       -1.000324799160664       
1.4984618754205672       -1.00032479919505        
1.4984618754205672       -1.00032479919505        
1.4984618664108063       -1.00032484088632        
1.4984618664108063       -1.00032484088632        
1.4984618738759732       -1.0003247924939442      
1.4984618738759732       -1.0003247924939442      
1.4984618756911277       -1.0003248048989526      
1.4984618756911277       -1.0003248048989526      
1.4984615567450463       -1.0003243528519525      
1.4984611670312928       -1.0003245454477159      
1.4984611670312928       -1.0003245454477159      
1.4984619021872407       -1.0003247972175995      
1.4984619021872407       -1.0003247972175995      
1.4984618752659282       -1.000324799227369       
1.4984618752659282       -1.000324799227369       
1.498461875020471        -1.0003247994540756      
1.4984618751625076       -1.0003247991849191      
1.4984618751625076       -1.0003247991849191      
1.4984618751460637       -1.000324799119227       
1.4984618751460637       -1.000324799119227       
1.4984608285924745       -1.0003240709907617      
1.4984608285924745       -1.0003240709907617      
1.4984608285924745       -1.0003240709907617      
1.4984618876898457       -1.0003247967856592      
1.4984618876898457       -1.0003247967856592      
1.4984618751288983       -1.000324799041784       
1.4984618751288983       -1.000324799041784       
1.498461875170088        -1.0003247991869404      
1.498461875170088        -1.0003247991869404      
1.4984618751638772       -1.0003247992066089      
1.4984618751232575       -1.000324798998252       
1.498461875259258        -1.000324824121777       
1.498461875259258        -1.000324824121777       
1.4984620494290877       -1.0003247823957753      
1.4984617939799503       -1.000324595691954       
1.4984618753347698       -1.0003247991580024      
1.4984618751757945       -1.0003247991823665      
1.4984618751757945       -1.0003247991823665      
1.4984618757479997       -1.0003247992148605      
1.4984618757479997       -1.0003247992148605      
1.4984618757479997       -1.0003247992148605      
1.4984619381805022       -1.0003248012155512      
1.4984619381805022       -1.0003248012155512      
1.498461729868004        -1.0003251531011577      
1.498461729868004        -1.0003251531011577      
1.4984618630789437       -1.0003249565083512      
1.4984618850509595       -1.000324797966215       
1.4984618850509595       -1.000324797966215       
1.4984618753181116       -1.000324799180285       
1.4984618753181116       -1.000324799180285       
1.4984618712292699       -1.000324781751499       
1.4984618751434275       -1.000324799109507       
1.4984618751434275       -1.000324799109507       
1.4984618751637058       -1.0003247991717592      
1.4984618751637058       -1.0003247991717592      
1.4984618656936075       -1.0003247524102596      
1.498461875766447        -1.0003247991381483      
1.498461875766447        -1.0003247991381483      
1.4984618751511507       -1.0003247991409996      
1.4984618751511507       -1.0003247991409996      
1.4984618751511507       -1.0003247991409996      
1.4984618754018606       -1.0003247992037432      
1.4984618754018606       -1.0003247992037432      
1.4984618751707717       -1.0003247991393605      
1.4984618751707717       -1.0003247991393605      
1.4984618751707717       -1.0003247991393605      
1.4984618761475526       -1.0003247991222088      
1.4984618761475526       -1.0003247991222088      
1.4984618761475526       -1.0003247991222088      
1.4984618533038059       -1.0003247988232504      
1.4984618533038059       -1.0003247988232504      
1.4984619721173411       -1.000324788086607       
1.4984619721173411       -1.000324788086607       
1.49846187114714         -1.000324825370245       
1.49846187114714         -1.000324825370245       
1.4984618753082264       -1.0003247991659443      
1.4984618753082264       -1.0003247991659443      
1.4984618750163727       -1.0003247991969015      
1.4984618750163727       -1.0003247991969015      
1.4984618642810212       -1.0003247900535885      
1.4984618667264251       -1.0003247655575684      
1.4984618750818834       -1.0003247990916475      
1.498461892277581        -1.0003247950677847      
1.498461892277581        -1.0003247950677847      
1.4984618752370653       -1.000324799202699       
1.4984618752370653       -1.000324799202699       
1.498461875386492        -1.0003247991600441      
1.498461875386492        -1.0003247991600441      
1.498461875396198        -1.0003247990973834      
1.498461875396198        -1.0003247990973834      
1.498461875396198        -1.0003247990973834      
1.4984618753717327       -1.0003247991542954      
1.4984618753717327       -1.0003247991542954      
1.4984618751632737       -1.0003247992503947      
1.4984618751632737       -1.0003247992503947      
1.498461875226825        -1.0003247991893676      
1.498461875226825        -1.0003247991893676      
1.498461875226825        -1.0003247991893676      
1.4984618751388026       -1.0003247990824404      
1.4984618751388026       -1.0003247990824404      
1.49846187511966         -1.000324799004226       
1.49846187511966         -1.000324799004226       
1.49846187516224         -1.000324799187675       
1.49846187516224         -1.000324799187675       
1.4984618742073303       -1.0003247945847453      
1.4984618742073303       -1.0003247945847453      
1.4984618751695238       -1.0003247992518847      
1.4984618530779934       -1.0003248652650285      
1.4984618530779934       -1.0003248652650285      
1.498461875160603        -1.000324799087138       
1.498461875160603        -1.000324799087138       
1.4984618754941952       -1.0003247991976207      
1.498461873728057        -1.0003247929887815      
1.498461873728057        -1.0003247929887815      
1.498461875333043        -1.0003247991769135      
1.498461875333043        -1.0003247991769135      
1.4984618751733891       -1.0003247991809754      
1.4984618751733891       -1.0003247991809754      
1.4984618761188482       -1.0003247992094102      
1.4984620597085363       -1.000324758934327       
1.4984618751225611       -1.0003247990056436      
1.4984618734186035       -1.0003248169350203      
1.4984618734186035       -1.0003248169350203      
1.498461937659859        -1.000324789813274       
1.498461937659859        -1.000324789813274       
1.4984618447639357       -1.000325202916131       
1.4984618447639357       -1.000325202916131       
1.498461864065859        -1.0003247628357947      
1.4984618752484817       -1.0003247991838529      
1.4984618752484817       -1.0003247991838529      
1.4984618757881938       -1.000324799197679       
1.4984618757881938       -1.000324799197679       
1.4984618751922003       -1.0003247991636255      
1.4984618751922003       -1.0003247991636255      
1.4984612568933477       -1.0003243286780124      
1.498461883869578        -1.000324797564194       
1.498461883869578        -1.000324797564194       
1.4984617731621748       -1.0003250670489874      
1.4984617731621748       -1.0003250670489874      
1.4984618751492644       -1.0003247991324145      
1.4984618751742853       -1.0003247987071868      
1.4984618751742853       -1.0003247987071868      
1.4984618700513939       -1.0003248807716312      
1.4984618700513939       -1.0003248807716312      
1.4984618754242338       -1.0003247991296123      
1.4984618754242338       -1.0003247991296123      
1.4984618780445786       -1.0003247985840447      
1.4984618780445786       -1.0003247985840447      
1.4984618751646717       -1.0003247993163276      
1.4984618756398131       -1.0003247992047724      
1.4984618761793365       -1.000324799203541       
1.4984618761793365       -1.000324799203541       
1.4984618868830288       -1.0003247977658565      
1.498461851614301        -1.0003250666354868      
1.498461851614301        -1.0003250666354868      
1.4984618752237098       -1.0003247991920552      
1.4984618752237098       -1.0003247991920552      
1.4984618750508054       -1.0003247990471609      
1.4984618750508054       -1.0003247990471609      
1.4984623068288923       -1.0003247090665437      
1.498461875115214        -1.0003247989731032      
1.498461875115214        -1.0003247989731032      
1.4984618751572556       -1.0003247991675965      
1.4984618751572556       -1.0003247991675965      
1.498461867358065        -1.000324756778436       
1.498461867358065        -1.000324756778436       
1.4984617882934754       -1.000324592584446       
1.4984618751659586       -1.0003247991673623      
1.4984618751587364       -1.00032479918849        
1.4984618751587364       -1.00032479918849        
1.4984619502809942       -1.0003248007075904      
1.4984618623012573       -1.0003247921691687      
1.4984618623012573       -1.0003247921691687      
1.4984618751839192       -1.0003247991914712      
1.4984618751839192       -1.0003247991914712      
1.4984618752207113       -1.0003247991919324      
1.4984618752207113       -1.0003247991919324      
1.4984618752207113       -1.0003247991919324      
1.4984618835708892       -1.000324797316964       
1.4984618835708892       -1.000324797316964       
1.4984618748937402       -1.0003248145017738      
1.4984618748937402       -1.0003248145017738      
1.4984618768813787       -1.000324830733285       
1.4984618768813787       -1.000324830733285       
1.4984618754951793       -1.000324799154212       
1.4984618753405903       -1.0003247991964686      
1.4984618753405903       -1.0003247991964686      
1.4984618751656862       -1.0003247991837751      
1.4984618751656862       -1.0003247991837751      
1.4984618752140293       -1.0003247991932112      
1.4984618752140293       -1.0003247991932112      
1.4984618233775227       -1.000324781330158       
1.4984618233775227       -1.000324781330158       
1.4984618751596634       -1.000324799040707       
1.4984618751596634       -1.000324799040707       
1.4984620189332982       -1.000324803250335       
1.4984615928529224       -1.000324629688887       
1.4984621306195822       -1.0003247577370962      
1.4984621306195822       -1.0003247577370962      
1.4984618753328254       -1.000324826167617       
1.498461875157739        -1.000324799165186       
1.4984618751655092       -1.0003247991891275      
1.4984618755005215       -1.000324799163446       
1.4984618755005215       -1.000324799163446       
1.4984618629018611       -1.000324954047478       
1.4984618629018611       -1.000324954047478       
1.4984618751463716       -1.000324799118505       
1.4984618749864098       -1.0003247985876624      
1.4984618749864098       -1.0003247985876624      
1.498461875164835        -1.000324799212766       
1.498461875164835        -1.000324799212766       
1.4984618751905232       -1.0003247991877093      
1.4984618751905232       -1.0003247991877093      
1.4984618751905232       -1.0003247991877093      
1.4984616692847443       -1.000325177576568       
1.4984616692847443       -1.000325177576568       
1.4984618659201117       -1.0003248847658648      
1.4984618659201117       -1.0003248847658648      
1.4984618659201117       -1.0003248847658648      
1.4984618461585488       -1.0003251870013528      
1.4984618461585488       -1.0003251870013528      
1.4984618690751625       -1.0003247995235904      
1.4984618690751625       -1.0003247995235904      
1.498461875168139        -1.0003247992426705      
1.498461875168139        -1.0003247992426705      
1.4984618751623335       -1.0003247991878963      
1.4984618751623335       -1.0003247991878963      
1.4984618751253362       -1.0003247990241504      
1.4984618751253362       -1.0003247990241504      
1.4984618752102858       -1.0003247991023356      
1.498461872013604        -1.0003248150768076      
1.498461872013604        -1.0003248150768076      
1.4984618751684389       -1.0003247992411755      
1.4984618751684389       -1.0003247992411755      
1.4984618762916242       -1.00032479920565        
1.4984618762916242       -1.00032479920565        
1.4984618991882175       -1.000324799894164       
1.4984618752470837       -1.0003247991865885      
1.4984618752470837       -1.0003247991865885      
1.4984618751628276       -1.0003247991807391      
1.4984618751628276       -1.0003247991807391      
1.4984618526698175       -1.0003250621109634      
1.4984618526698175       -1.0003250621109634      
1.498461872837891        -1.0003247920836242      
1.498461872837891        -1.0003247920836242      
1.4984618720690024       -1.0003248174382289      
1.4984618751847054       -1.0003247991325548      
1.4984618751847054       -1.0003247991325548      
1.4984618616401537       -1.000324811635769       
1.4984618616401537       -1.000324811635769       
1.4984617990628137       -1.00032521523797        
1.4984617990628137       -1.00032521523797        
1.4984617990628137       -1.00032521523797        
1.4984617769169224       -1.0003251359003165      
1.4984617769169224       -1.0003251359003165      
1.4984618751980545       -1.0003247991659978      
1.4984618751980545       -1.0003247991659978      
1.4984620415834335       -1.000324781711283       
1.4984620415834335       -1.000324781711283       
1.4984620415834335       -1.000324781711283       
1.4984616776705377       -1.0003250932540708      
1.4984616776705377       -1.0003250932540708      
1.4984618751045358       -1.0003247988310087      
1.4984618751045358       -1.0003247988310087      
1.4984618755716188       -1.0003247992112547      
1.4984618755716188       -1.0003247992112547      
1.4984618555948335       -1.0003250392912364      
1.4984618057780792       -1.0003250400304555      
1.4984618057780792       -1.0003250400304555      
1.4984618699923486       -1.000324784038331       
1.4984618699923486       -1.000324784038331       
1.4984618752122736       -1.0003247991936584      
1.4984618752056933       -1.00032479912428        
1.4984618752056933       -1.00032479912428        
1.4984618782996864       -1.0003247988228225      
1.4984618782996864       -1.0003247988228225      
1.4984618604752924       -1.0003247859920288      
1.4984618604752924       -1.0003247859920288      
1.4984618751305836       -1.0003247990460566      
1.4984618751305836       -1.0003247990460566      
1.4984618751305836       -1.0003247990460566      
1.4984618338236164       -1.0003246966429133      
1.4984618338236164       -1.0003246966429133      
1.4984618752373027       -1.000324799190571       
1.4984618752373027       -1.000324799190571       
1.4984618751943217       -1.0003247991161688      
1.4984618751943217       -1.0003247991161688      
1.4984618852849392       -1.0003247968064506      
1.4984618852849392       -1.0003247968064506      
1.4984618751754109       -1.000324799191012       
1.4984618751757302       -1.0003247991814         
1.4984618751757302       -1.0003247991814         
1.498461766688677        -1.0003244901268815      
1.498461766688677        -1.0003244901268815      
1.4984618751607086       -1.0003247991906374      
1.4984618751607086       -1.0003247991906374      
1.498461841971791        -1.0003247802840751      
1.498461841971791        -1.0003247802840751      
1.4984618751929613       -1.0003247991921336      
1.4984618601761424       -1.000325005062663       
1.4984618601761424       -1.000325005062663       
1.4984618461240404       -1.0003247179918955      
1.4984618461240404       -1.0003247179918955      
1.4984619403050963       -1.0003248026156792      
1.4984619403050963       -1.0003248026156792      
1.4984619403050963       -1.0003248026156792      
1.4984618751945693       -1.0003247991846425      
1.4984618751945693       -1.0003247991846425      
1.4984619052107482       -1.000324800495474       
1.4984619052107482       -1.000324800495474       
1.4984618751994565       -1.0003247992071407      
1.4984618751994565       -1.0003247992071407      
1.4984618756067551       -1.000324799134926       
1.4984618756067551       -1.000324799134926       
1.4984619441103935       -1.0003248002782195      
1.4984618753144567       -1.0003247991931798      
1.4984618753144567       -1.0003247991931798      
1.498461875163859        -1.000324799181525       
1.498461875163859        -1.000324799181525       
1.498461875163859        -1.000324799181525       
1.4984620149545909       -1.000324802428083       
1.4984618751411984       -1.000324799083865       
1.4984618751337402       -1.0003247990603874      
1.4984618751337402       -1.0003247990603874      
1.4984618734418136       -1.000324804335421       
1.4984618734418136       -1.000324804335421       
1.4984618734715025       -1.0003247918218234      
1.4984618734715025       -1.0003247918218234      
1.4984618751175802       -1.0003247991395705      
1.4984618680982962       -1.0003247763109469      
1.4984618680982962       -1.0003247763109469      
1.4984618751716778       -1.000324799278827       
1.498461769893604        -1.0003247022731196      
1.498461875181999        -1.000324799186628       
1.4984619482289454       -1.0003247913190407      
1.4984618759553483       -1.0003247990407218      
1.4984618759553483       -1.0003247990407218      
1.4984618751638759       -1.000324799181027       
1.498461875021793        -1.0003248384636467      
1.498461875021793        -1.0003248384636467      
1.4984618696366758       -1.0003247785202753      
1.4984618696366758       -1.0003247785202753      
1.498462028040895        -1.0003248079498597      
1.498462028040895        -1.0003248079498597      
1.4984617817308086       -1.0003252511839265      
1.4984618751630745       -1.0003247991790893      
1.4984618751630745       -1.0003247991790893      
1.4984618752034413       -1.0003247991933149      
1.4984618752034413       -1.0003247991933149      
1.4984618751837735       -1.0003247991915283      
1.4984618751837735       -1.0003247991915283      
1.4984618752033974       -1.0003247991930833      
