a                        b                        
1.498496192668316        -1.0004981438188898      
1.498496192668316        -1.0004981438188898      
1.4984961926280427       -1.000498143828285       
1.4984961926280427       -1.000498143828285       
1.4984961932496865       -1.0004981432965765      
1.4984961932496865       -1.0004981432965765      
1.4984961927472336       -1.000498143819267       
1.4984961927472336       -1.000498143819267       
1.4984961858361296       -1.00049814389965        
1.4984961858361296       -1.00049814389965        
1.498496224293423        -1.0004981311157641      
1.498496224293423        -1.0004981311157641      
1.498496192572354        -1.000498143770988       
1.498496192572354        -1.000498143770988       
1.4984961924914777       -1.000498143662929       
1.4984961924914777       -1.000498143662929       
1.4984961903507938       -1.0004981408882432      
1.4984961903507938       -1.0004981408882432      
1.4984961926128617       -1.0004981436942582      
1.4984961926128617       -1.0004981436942582      
1.4984961926651983       -1.000498143791812       
1.4984961926651983       -1.000498143791812       
1.498496192696366        -1.0004981435849882      
1.498496192696366        -1.0004981435849882      
1.4984958098743313       -1.0004976815987412      
1.4984958098743313       -1.0004976815987412      
1.4984962037221667       -1.0004981384213207      
1.4984962037221667       -1.0004981384213207      
1.498495754699127        -1.000497642802723       
1.498495754699127        -1.000497642802723       
1.4984961919658029       -1.0004981436546108      
1.4984961919658029       -1.0004981436546108      
1.498496192616946        -1.0004981438372893      
1.498496192616946        -1.0004981438372893      
1.4984961926043092       -1.0004981438037581      
1.4984961926043092       -1.0004981438037581      
1.4984961924034779       -1.0004981437917515      
1.4984957313694336       -1.0004979667108616      
1.4984961919106563       -1.000498142948839       
1.4984961919106563       -1.000498142948839       
1.498496192626425        -1.00049814380235        
1.498496192626425        -1.00049814380235        
1.498496190994931        -1.0004981420214625      
1.498496190994931        -1.0004981420214625      
1.498496168512334        -1.000498126938326       
1.498496168512334        -1.000498126938326       
1.4984961890471824       -1.0004981413969989      
1.4984961924657993       -1.0004981436002334      
1.4984961924657993       -1.0004981436002334      
1.4984961926153937       -1.0004981437722584      
1.4984961926153937       -1.0004981437722584      
1.4984960992575087       -1.0004981413848204      
1.4984960992575087       -1.0004981413848204      
1.4984961925620617       -1.0004981437532159      
1.4984961925620617       -1.0004981437532159      
1.4984961940967083       -1.0004981434218903      
1.4984960957941762       -1.0004980469328117      
1.4984961596429471       -1.000498139572817       
1.4984961926561942       -1.000498143533103       
1.4984961926561942       -1.000498143533103       
1.4984961743948035       -1.0004981448344328      
1.4984961743948035       -1.0004981448344328      
1.4984961924522728       -1.0004981438190408      
1.4984961924522728       -1.0004981438190408      
1.498496192554827        -1.0004981437614524      
1.498496192554827        -1.0004981437614524      
1.4984967429366172       -1.000497633706397       
1.4984967429366172       -1.000497633706397       
1.4984961580262877       -1.0004981457479902      
1.4984961580262877       -1.0004981457479902      
1.4984960874806246       -1.0004980901212885      
1.4984960874806246       -1.0004980901212885      
1.4984961366936225       -1.0004981427227797      
1.4984961366936225       -1.0004981427227797      
1.4984961918221344       -1.0004981431985704      
1.4984961918221344       -1.0004981431985704      
1.4984961926129663       -1.00049814362889        
1.4984961926129663       -1.00049814362889        
1.4984961423762801       -1.0004980762414322      
1.4984961423762801       -1.0004980762414322      
1.498496196206724        -1.0004981432906206      
1.498496196206724        -1.0004981432906206      
1.4984961928621139       -1.000498143701558       
1.4984961928621139       -1.000498143701558       
1.4984961924899731       -1.0004981436003177      
1.4984961924899731       -1.0004981436003177      
1.4984961926689155       -1.0004981438131153      
1.4984961926689155       -1.0004981438131153      
1.498496192623055        -1.0004981438056395      
1.4984961928964469       -1.0004981435900029      
1.4984961926266716       -1.0004981438038905      
1.498496192606095        -1.0004981438246787      
1.498496192606095        -1.0004981438246787      
1.4984961922017268       -1.0004981425576507      
1.4984961922017268       -1.0004981425576507      
1.4984961924663784       -1.000498143640472       
1.4984961924663784       -1.000498143640472       
1.4984961925991882       -1.000498143831132       
1.4984961925991882       -1.000498143831132       
1.4984961926396436       -1.0004981438370701      
1.4984961926396436       -1.0004981438370701      
1.4984961777211319       -1.000498144600076       
1.4984961777211319       -1.000498144600076       
1.4984961925411429       -1.0004981437285296      
1.4984961925411429       -1.0004981437285296      
1.4984961898328601       -1.0004981412625729      
1.4984961898328601       -1.0004981412625729      
1.49849619218593         -1.0004981432146494      
1.4984961926822529       -1.0004981437541605      
1.4984961926802507       -1.0004981436682256      
1.4984961928253162       -1.0004981438302165      
1.4984961928253162       -1.0004981438302165      
1.498496717238068        -1.0004979735068877      
1.498496717238068        -1.0004979735068877      
1.4984961923503413       -1.000498143464397       
1.4984961923503413       -1.000498143464397       
1.4984961926397888       -1.0004981438135827      
1.4984961926397888       -1.0004981438135827      
1.4984961930796277       -1.0004981437138358      
1.4984961930796277       -1.0004981437138358      
1.498496192301395        -1.000498143559997       
1.498496192301395        -1.000498143559997       
1.4984961924836349       -1.0004981436208804      
1.4984961924836349       -1.0004981436208804      
1.498496192652492        -1.0004981429910242      
1.498496192652492        -1.0004981429910242      
1.4984961926884404       -1.0004981434638975      
1.498495808824414        -1.0004976337674         
1.498495808824414        -1.0004976337674         
1.498496192626626        -1.0004981438348708      
1.498496192626626        -1.0004981438348708      
1.498496056062605        -1.0004980321792663      
1.498496056062605        -1.0004980321792663      
1.4984961929768086       -1.0004981439180611      
1.4984961929768086       -1.0004981439180611      
1.498496192715363        -1.0004981436081783      
1.498496192715363        -1.0004981436081783      
1.498496190144591        -1.0004981216727105      
1.498496190144591        -1.0004981216727105      
1.4984961240793495       -1.000498139854163       
1.4984961240793495       -1.000498139854163       
1.4984965481185952       -1.0004979151837068      
1.4984959928157426       -1.0004981176126506      
1.4984959928157426       -1.0004981176126506      
1.4984961922821622       -1.0004981435292835      
1.4984961922821622       -1.0004981435292835      
1.4984961913254986       -1.0004981438579814      
1.4984961913254986       -1.0004981438579814      
1.4984961923509317       -1.0004981435659166      
1.4984961923509317       -1.0004981435659166      
1.498496195898202        -1.000498140914238       
1.498496195898202        -1.000498140914238       
1.4984961927097649       -1.0004981438257274      
1.4984961927097649       -1.0004981438257274      
1.4984961926074343       -1.0004981438008593      
1.4984961926074343       -1.0004981438008593      
1.4984961926234288       -1.0004981438371008      
1.4984960840910524       -1.0004980167547215      
1.4984960840910524       -1.0004980167547215      
1.4984961933733698       -1.0004981436913398      
1.4984961933733698       -1.0004981436913398      
1.4984961925435318       -1.0004981437244052      
1.4984961925435318       -1.0004981437244052      
1.4984961922685995       -1.0004981438458695      
1.4984961922685995       -1.0004981438458695      
1.498496192503461        -1.0004981436654954      
1.498496192503461        -1.0004981436654954      
1.4984962044152779       -1.0004981335211842      
1.4984962044152779       -1.0004981335211842      
1.498495934241902        -1.0004977757951758      
1.4984961940086852       -1.0004981432347384      
1.4984961940086852       -1.0004981432347384      
1.4984961925868345       -1.0004981438292464      
1.4984961925868345       -1.0004981438292464      
1.4984963092700876       -1.000498107900706       
1.4984963092700876       -1.000498107900706       
1.4984961927969245       -1.0004981437498832      
1.4984961927969245       -1.0004981437498832      
1.4984961927231315       -1.0004981437814484      
1.4984961927231315       -1.0004981437814484      
1.4984961926647997       -1.0004981436352391      
1.4984961926647997       -1.0004981436352391      
1.4984961928993565       -1.0004981437396652      
1.4984961928993565       -1.0004981437396652      
1.4984961926286615       -1.0004981438260148      
1.4984961926286615       -1.0004981438260148      
1.4984961880139827       -1.0004981430150977      
1.498496746578016        -1.0004978764131274      
1.4984961992608183       -1.0004981416205818      
1.4984961992608183       -1.0004981416205818      
1.4984961926130462       -1.0004981438263618      
1.4984961926130462       -1.0004981438263618      
1.4984961927565195       -1.000498143765182       
1.4984961912820087       -1.00049814190485        
1.4984961912820087       -1.00049814190485        
1.4984961926236482       -1.0004981438199902      
1.4984961926236482       -1.0004981438199902      
1.4984961926528801       -1.0004981437973677      
1.4984961926528801       -1.0004981437973677      
1.49849619233239         -1.0004981439608316      
1.49849619233239         -1.0004981439608316      
1.4984961927010285       -1.0004981437700464      
1.4984961927010285       -1.0004981437700464      
1.4984961925730051       -1.0004981438192986      
1.4984961925730051       -1.0004981438192986      
1.4984961710153457       -1.0004981437593015      
1.4984961710153457       -1.0004981437593015      
1.4984962736554328       -1.0004978313593418      
1.4984962736554328       -1.0004978313593418      
1.498496192803618        -1.0004981437289515      
1.498496192803618        -1.0004981437289515      
1.498496190758389        -1.0004981438649208      
1.498496190758389        -1.0004981438649208      
1.4984961926102098       -1.0004981438161114      
1.4984961926102098       -1.0004981438161114      
1.49849623686422         -1.0004981182292578      
1.49849623686422         -1.0004981182292578      
1.498496192651543        -1.0004981437579041      
1.498496192651543        -1.0004981437579041      
1.498496192614733        -1.0004981438324585      
1.498496192614733        -1.0004981438324585      
1.498496193543547        -1.0004981430892539      
1.498496193543547        -1.0004981430892539      
1.4984961927104257       -1.0004981438335048      
1.4984961927104257       -1.0004981438335048      
1.4984961926609603       -1.000498143779744       
1.4984961926609603       -1.000498143779744       
1.4984960431093204       -1.000497942924018       
1.4984961925163038       -1.0004981437023828      
1.4984961925163038       -1.0004981437023828      
1.4984961904477476       -1.000498131631659       
1.4984961904477476       -1.000498131631659       
1.4984959409230423       -1.0004978362107138      
1.4984959409230423       -1.0004978362107138      
1.498496192512875        -1.0004981437347753      
1.498496192512875        -1.0004981437347753      
1.498496192618658        -1.0004981438236278      
1.498496192618658        -1.0004981438236278      
1.4984961924607068       -1.0004981436249654      
1.4984960146163029       -1.0004979046891662      
1.4984960146163029       -1.0004979046891662      
1.498496192369778        -1.0004981438067138      
1.498496192369778        -1.0004981438067138      
1.498496192772955        -1.0004981437372933      
1.4984961927494365       -1.000498143711475       
1.4984961927494365       -1.000498143711475       
1.4984961926582572       -1.0004981435498308      
1.4984961926582572       -1.0004981435498308      
1.4984961923879676       -1.0004981436872415      
1.4984961923879676       -1.0004981436872415      
1.4984961926017242       -1.0004981433609805      
1.4984961926999494       -1.0004981433979219      
1.4984961926999494       -1.0004981433979219      
1.4984961484643462       -1.0004981431674262      
1.4984961484643462       -1.0004981431674262      
1.4984961926302742       -1.0004981437867573      
1.4984961926302742       -1.0004981437867573      
1.4984961922600128       -1.0004981436834788      
1.4984961922434685       -1.0004981433128857      
1.4984961922434685       -1.0004981433128857      
1.4984961926253324       -1.0004981437869098      
1.4984961926253324       -1.0004981437869098      
1.4984961926483913       -1.0004981438398992      
1.4984961926483913       -1.0004981438398992      
1.4984961927787204       -1.0004981437587652      
1.4984961927787204       -1.0004981437587652      
1.498496172447656        -1.0004981449019452      
1.4984962082640545       -1.0004981337135062      
1.4984962082640545       -1.0004981337135062      
1.4984961926763605       -1.0004981438303129      
1.4984961926763605       -1.0004981438303129      
1.4984961926832476       -1.0004981438675589      
1.4984961899271405       -1.0004981433859839      
1.4984961899271405       -1.0004981433859839      
1.4984961925128633       -1.0004981437329963      
1.4984961925128633       -1.0004981437329963      
1.498496192239355        -1.0004981433136109      
1.4984961980922265       -1.0004981128163073      
1.4984961980922265       -1.0004981128163073      
1.49849619270626         -1.000498143649612       
1.49849619270626         -1.000498143649612       
1.4984961923951234       -1.000498141949371       
1.4984961923951234       -1.000498141949371       
1.4984961999758104       -1.0004981426403712      
1.4984961920267101       -1.0004981432325835      
1.4984961920267101       -1.0004981432325835      
1.498496192720999        -1.0004981436798208      
1.4984961902738265       -1.0004981433401783      
1.4984961902738265       -1.0004981433401783      
1.4984958396947674       -1.00049775252098        
1.4984961923389597       -1.0004981435863065      
1.4984961923389597       -1.0004981435863065      
1.498496192285304        -1.0004981434914084      
1.498496191036559        -1.0004981438919829      
1.498496191036559        -1.0004981438919829      
1.4984961922050064       -1.000498143680754       
1.4984961922050064       -1.000498143680754       
1.49849619265237         -1.000498143811718       
1.49849619265237         -1.000498143811718       
1.4984961927379914       -1.0004981436883382      
1.4984961930379246       -1.000498143764075       
1.4984961930379246       -1.000498143764075       
1.4984959526972967       -1.0004980714894476      
1.4984963648356628       -1.000497992704054       
1.4984963648356628       -1.000497992704054       
1.49849619266144         -1.000498143784917       
1.49849619266144         -1.000498143784917       
1.498496192399883        -1.0004981436228553      
1.4984961860928427       -1.0004981438939022      
1.4984961860928427       -1.0004981438939022      
1.4984961918819313       -1.0004979677693884      
1.4984961918819313       -1.0004979677693884      
1.4984962248153466       -1.0004981326042193      
1.4984962248153466       -1.0004981326042193      
1.4984961930589404       -1.0004981438293674      
1.4984961925861362       -1.0004981437758251      
1.4984961925861362       -1.0004981437758251      
1.4984967175572022       -1.0004976718214829      
1.4984967175572022       -1.0004976718214829      
1.4984961930868081       -1.000498146405437       
1.4984961926270794       -1.0004981438213         
1.4984961926270794       -1.0004981438213         
1.4984961907844678       -1.0004981416734489      
1.4984961926204288       -1.000498143828112       
1.4984961914240675       -1.0004981438919909      
1.4984962548336036       -1.0004981132998398      
1.4984962548336036       -1.0004981132998398      
1.498496192484516        -1.000498143840256       
1.4984961739173217       -1.0004981185703374      
1.4984961739173217       -1.0004981185703374      
1.498496192623435        -1.0004981438408147      
1.498496192623435        -1.0004981438408147      
1.498496192167932        -1.0004981438175231      
1.498496192167932        -1.0004981438175231      
1.4984961927306168       -1.0004981442360514      
1.4984961950643032       -1.0004981433614484      
1.4984961950643032       -1.0004981433614484      
1.4984958455909896       -1.0004976839092516      
1.4984958455909896       -1.0004976839092516      
1.4984961881720127       -1.0004980301137156      
1.4984961926665252       -1.0004981438538434      
1.4984961926665252       -1.0004981438538434      
1.4984962986127508       -1.0004980915183357      
1.4984962986127508       -1.0004980915183357      
1.4984961926021754       -1.0004981438308107      
1.4984961926021754       -1.0004981438308107      
1.4984961931512473       -1.0004981438398068      
1.4984958109074202       -1.000497600139014       
1.4984958109074202       -1.000497600139014       
1.4984967933249265       -1.0004976190914823      
1.4984967933249265       -1.0004976190914823      
1.498496192687281        -1.0004981437833909      
1.498496192687281        -1.0004981437833909      
1.498496325989414        -1.0004980566298043      
1.4984958446685508       -1.0004977612873598      
1.4984958446685508       -1.0004977612873598      
1.4984961926019664       -1.0004981437974594      
1.4984961926019664       -1.0004981437974594      
1.4984961926161466       -1.0004981437543965      
1.4984961926161466       -1.0004981437543965      
1.4984962474061898       -1.000498138779177       
1.4984962474061898       -1.000498138779177       
1.498496192337573        -1.0004981435134754      
1.4984961925070641       -1.0004981438267297      
1.4984961925070641       -1.0004981438267297      
1.4984961925152973       -1.0004981436918041      
1.4984961925152973       -1.0004981436918041      
1.4984960345198357       -1.0004979189802428      
1.4984960345198357       -1.0004979189802428      
1.49849619073799         -1.000498143579021       
1.4984962622421196       -1.0004981131300847      
1.4984962622421196       -1.0004981131300847      
1.498496193563884        -1.0004981435242033      
1.498496193563884        -1.0004981435242033      
1.4984956836347845       -1.0004976129855836      
1.4984956836347845       -1.0004976129855836      
1.4984958644627218       -1.0004976776733512      
1.4984958644627218       -1.0004976776733512      
1.498496192699984        -1.0004981438336937      
1.4984961926196714       -1.000498143822066       
1.4984961925929867       -1.000498143705723       
1.4984961926761957       -1.0004981438687444      
1.4984961926761957       -1.0004981438687444      
1.498496176703389        -1.000498144695213       
1.498496176703389        -1.000498144695213       
1.4984961898550617       -1.000498128084856       
1.4984961898550617       -1.000498128084856       
1.4984961928210607       -1.0004981437252867      
1.498496161963918        -1.0004981435757863      
1.498496161963918        -1.0004981435757863      
1.4984961863468635       -1.000498142588994       
1.4984961863468635       -1.000498142588994       
1.4984961926368894       -1.0004981438147318      
1.4984961926382603       -1.0004981438226852      
1.4984961926382603       -1.0004981438226852      
1.4984966625052232       -1.000497888882755       
1.4984961928400797       -1.0004981437285616      
1.4984961928400797       -1.0004981437285616      
1.4984961925896987       -1.00049814383173        
1.4984961925896987       -1.00049814383173        
1.4984961926687053       -1.000498143800544       
1.4984961926687053       -1.000498143800544       
1.4984961753488217       -1.000498130910363       
1.4984961925757465       -1.0004981438325644      
1.4984961925757465       -1.0004981438325644      
1.4984961850832959       -1.0004981338984065      
1.4984961850832959       -1.0004981338984065      
1.498496192650799        -1.0004981438485057      
1.4984962123895103       -1.0004981266540072      
1.4984962123895103       -1.0004981266540072      
1.4984957063622804       -1.0004976531497427      
1.4984957063622804       -1.0004976531497427      
1.4984961927924365       -1.0004981433374505      
1.4984961926257765       -1.0004981438361134      
1.4984961926257765       -1.0004981438361134      
1.4984961925521916       -1.0004981438226102      
1.4984961925775222       -1.0004981438570575      
1.4984961925775222       -1.0004981438570575      
1.4984961930525027       -1.0004981435954678      
1.4984961930525027       -1.0004981435954678      
1.4984960328429395       -1.0004981345434467      
1.4984960328429395       -1.0004981345434467      
1.4984961926296034       -1.0004981437769132      
1.4984961926296034       -1.0004981437769132      
1.4984961926546145       -1.000498143832842       
1.4984961926546145       -1.000498143832842       
1.498496159551401        -1.0004981422863068      
1.498496190775312        -1.0004981435533797      
1.4984961846277842       -1.0004981435729945      
1.4984962008637308       -1.0004981372363915      
1.4984962008637308       -1.0004981372363915      
1.4984961926111893       -1.000498143835453       
1.4984961926111893       -1.000498143835453       
1.4984961868302376       -1.0004981416878251      
1.4984961868302376       -1.0004981416878251      
1.4984962174240741       -1.0004978908437763      
1.4984962174240741       -1.0004978908437763      
1.498496235526018        -1.000498118787772       
1.4984961925914762       -1.0004981436051998      
1.4984961925914762       -1.0004981436051998      
1.4984961925646507       -1.000498143737784       
1.4984961925646507       -1.000498143737784       
1.4984962058411344       -1.0004981367668022      
1.4984962058411344       -1.0004981367668022      
1.4984962034485534       -1.0004981406305824      
1.4984961947614357       -1.0004981429072124      
1.4984961947614357       -1.0004981429072124      
1.4984958501866772       -1.0004976729677546      
1.4984958501866772       -1.0004976729677546      
1.4984961926194065       -1.0004981438170508      
1.4984961926194065       -1.0004981438170508      
1.4984962327663447       -1.0004979245097778      
1.4984961925870741       -1.0004981438176035      
1.4984961925870741       -1.0004981438176035      
1.4984961926256812       -1.0004981438245533      
1.4984961926256812       -1.0004981438245533      
1.4984961926885083       -1.0004981438279192      
1.4984961926885083       -1.0004981438279192      
1.4984961927173355       -1.0004981415903147      
1.4984961923242102       -1.0004981435527969      
1.4984961923242102       -1.0004981435527969      
1.4984961928200673       -1.00049814379409        
1.4984961928200673       -1.00049814379409        
1.4984963121233594       -1.000497993275494       
1.4984963121233594       -1.000497993275494       
1.4984961925902172       -1.0004981440228649      
1.4984961940279822       -1.000498091684133       
1.4984961940279822       -1.000498091684133       
1.4984961922121582       -1.0004981433273596      
1.4984961922121582       -1.0004981433273596      
1.4984961926486933       -1.00049814367767        
1.4984961926486933       -1.00049814367767        
1.4984961926377032       -1.0004981438762597      
1.4984961926377032       -1.0004981438762597      
1.4984961926393292       -1.0004981438397729      
1.4984961925404179       -1.0004981437473206      
1.4984961925404179       -1.0004981437473206      
1.4984966785504008       -1.0004978629126071      
1.4984966785504008       -1.0004978629126071      
1.4984961873081015       -1.0004981364206031      
1.498496072693493        -1.00049812597878        
1.498496072693493        -1.00049812597878        
1.498496029260561        -1.0004981363500114      
1.498496029260561        -1.0004981363500114      
1.4984961926345244       -1.0004981438354696      
1.4984961926345244       -1.0004981438354696      
1.498496192508177        -1.0004981436529783      
1.498496192635298        -1.0004981438339893      
1.498496192635298        -1.0004981438339893      
1.498496192724526        -1.0004981435410507      
1.498496192724526        -1.0004981435410507      
1.4984961926412745       -1.0004981437700633      
1.4984961926412745       -1.0004981437700633      
1.4984961872124416       -1.000498136585913       
1.4984961872124416       -1.000498136585913       
1.4984961928051506       -1.0004981436997504      
1.4984961928051506       -1.0004981436997504      
1.4984961845271565       -1.000498144216244       
1.4984961927550762       -1.0004981438956229      
1.4984961927550762       -1.0004981438956229      
1.4984961925478544       -1.0004981437136407      
1.4984961925478544       -1.0004981437136407      
1.4984961925190339       -1.000498143701155       
1.4984961925190339       -1.000498143701155       
1.4984963222603553       -1.0004981298544444      
1.4984961926913118       -1.000498143546193       
1.4984961931416565       -1.0004981434030553      
1.4984961923574496       -1.0004981438282432      
1.4984961923574496       -1.0004981438282432      
1.4984961926312326       -1.0004981438336094      
1.4984961926312326       -1.0004981438336094      
1.4984961922256776       -1.0004981437050413      
1.4984961922256776       -1.0004981437050413      
1.4984961933704342       -1.000498143518029       
1.4984961933704342       -1.000498143518029       
1.4984961925208877       -1.0004981438330711      
1.4984961925208877       -1.0004981438330711      
1.4984961925213565       -1.0004981438210145      
1.4984961885886618       -1.0004981438844418      
1.4984961885886618       -1.0004981438844418      
1.4984961926119005       -1.0004981438349778      
1.4984961926119005       -1.0004981438349778      
1.4984961786341053       -1.000498124399621       
1.4984961786341053       -1.000498124399621       
1.4984961258796803       -1.0004981476734462      
1.4984961690028924       -1.000498145143575       
1.4984961690028924       -1.000498145143575       
1.4984961925823816       -1.0004981438677123      
1.4984961925823816       -1.0004981438677123      
1.4984961921246525       -1.0004981438119627      
1.4984961921246525       -1.0004981438119627      
1.498496192383042        -1.0004981438076075      
1.4984961926247387       -1.0004981438349865      
1.4984961926247387       -1.0004981438349865      
1.4984961941631163       -1.0004981365390253      
1.4984961941631163       -1.0004981365390253      
1.4984961850248273       -1.0004981441455352      
1.4984961850248273       -1.0004981441455352      
1.498496022350628        -1.000497941747475       
1.498496022350628        -1.000497941747475       
1.4984967249999017       -1.0004977656213059      
1.4984967249999017       -1.0004977656213059      
1.4984961923206226       -1.0004981435516869      
1.4984961923206226       -1.0004981435516869      
1.4984961926264198       -1.000498143774844       
1.4984961926264198       -1.000498143774844       
1.4984961925974418       -1.0004981438578444      
1.4984961926133336       -1.0004981437910498      
1.4984961926133336       -1.0004981437910498      
1.4984963067172743       -1.0004981026057544      
1.4984963067172743       -1.0004981026057544      
1.4984966584863082       -1.0004975568231884      
1.4984966584863082       -1.0004975568231884      
1.498496192578582        -1.0004981438643705      
1.498496192643399        -1.0004981437477247      
1.498496192643399        -1.0004981437477247      
1.498496192295711        -1.0004981433862807      
1.498496192295711        -1.0004981433862807      
1.4984961927208482       -1.000498143211134       
1.4984961927208482       -1.000498143211134       
1.4984961929407021       -1.0004981437543365      
1.4984961926308569       -1.0004981437989116      
1.4984961926308569       -1.0004981437989116      
1.4984961924685278       -1.0004981088244473      
1.4984961924685278       -1.0004981088244473      
1.4984961925079212       -1.0004981438028133      
1.498496192288862        -1.0004981435516371      
1.498496192288862        -1.0004981435516371      
1.4984961929858178       -1.00049814362441        
1.4984961929858178       -1.00049814362441        
1.498496192555426        -1.0004981438266678      
1.498496192555426        -1.0004981438266678      
1.4984961925234117       -1.0004981430149662      
1.4984962118558707       -1.000497943041498       
1.4984962118558707       -1.000497943041498       
1.4984961994545967       -1.0004981376658055      
1.4984961994545967       -1.0004981376658055      
1.4984961926434246       -1.0004981438352494      
1.4984961926434246       -1.0004981438352494      
1.4984961927592246       -1.0004981438096998      
1.4984961927592246       -1.0004981438096998      
1.4984961931197902       -1.000498143744724       
1.4984961940279837       -1.0004981436721514      
1.4984961940279837       -1.0004981436721514      
1.498496192594696        -1.0004981438423022      
1.498496192594696        -1.0004981438423022      
1.4984961927838125       -1.0004981438498959      
1.4984961927838125       -1.0004981438498959      
1.4984961923937312       -1.000498143618139       
1.4984961923937312       -1.000498143618139       
1.4984961925174014       -1.0004981437763467      
1.4984961914561734       -1.0004981423510229      
1.4984961914561734       -1.0004981423510229      
1.4984961928234983       -1.000498143399973       
1.4984961928234983       -1.000498143399973       
1.4984961945675448       -1.0004981434001021      
1.4984961945675448       -1.0004981434001021      
1.4984961845662506       -1.000498142281936       
1.4984961845662506       -1.000498142281936       
1.4984960093608302       -1.0004978832503468      
1.4984961927531895       -1.0004981437234135      
1.4984961927531895       -1.0004981437234135      
1.49849618675787         -1.0004981111158895      
1.49849618675787         -1.0004981111158895      
1.4984961928859986       -1.0004981437025489      
1.4984961928859986       -1.0004981437025489      
1.4984961893654543       -1.0004981440085903      
1.498496053592699        -1.000498138401009       
1.498496053592699        -1.000498138401009       
1.4984961926137177       -1.0004981438093359      
1.4984961926137177       -1.0004981438093359      
1.4984961884113737       -1.0004980526117446      
1.4984961754591928       -1.0004981230441987      
1.4984961754591928       -1.0004981230441987      
1.4984961920188467       -1.0004981438544547      
1.4984961920188467       -1.0004981438544547      
1.498496192491808        -1.0004981437297265      
1.498496311232287        -1.0004980388457432      
1.4984961925967526       -1.000498143828595       
1.4984966795746724       -1.000498005288887       
1.4984966795746724       -1.000498005288887       
1.4984961925234141       -1.0004981436857243      
1.4984961925234141       -1.0004981436857243      
1.49849593326743         -1.000497892703222       
1.49849593326743         -1.000497892703222       
1.4984960742138023       -1.0004981398853459      
1.4984960742138023       -1.0004981398853459      
1.498496137662283        -1.0004981061924005      
1.498496192996939        -1.0004981440029272      
1.498496192996939        -1.0004981440029272      
1.4984961929245981       -1.0004981436311975      
1.4984961929245981       -1.0004981436311975      
1.498496192540824        -1.000498143837923       
1.498496192540824        -1.000498143837923       
1.4984961543336313       -1.0004980961879697      
1.4984961543336313       -1.0004980961879697      
1.4984961926220541       -1.0004981438417062      
1.4984961926220541       -1.0004981438417062      
1.4984961926069684       -1.0004981438298082      
1.4984961926887372       -1.000498143761971       
1.4984961926887372       -1.000498143761971       
1.4984961921172486       -1.0004981438049727      
1.4984961921172486       -1.0004981438049727      
1.4984961925579998       -1.0004981437534775      
1.4984961925579998       -1.0004981437534775      
1.498496192684           -1.0004981420625787      
1.4984961917002304       -1.0004981354592333      
1.4984961917002304       -1.0004981354592333      
1.4984957630919025       -1.0004976078868688      
1.4984957630919025       -1.0004976078868688      
1.4984961926661649       -1.000498143827097       
1.4984961926661649       -1.000498143827097       
1.4984961925775446       -1.0004981438247826      
1.4984961890697832       -1.0004981390665495      
1.4984961890697832       -1.0004981390665495      
1.4984961925799707       -1.0004981438642901      
1.4984961925799707       -1.0004981438642901      
1.4984961927900255       -1.0004981428958755      
1.4984961927900255       -1.0004981428958755      
1.4984961925124485       -1.000498143823821       
1.49849619262689         -1.000498143829553       
1.49849619262689         -1.000498143829553       
1.498496192658597        -1.0004981438300569      
1.498496192658597        -1.0004981438300569      
1.4984961925285119       -1.0004981437190192      
1.4984961925285119       -1.0004981437190192      
1.4984959637680713       -1.0004978188310607      
1.4984961926704659       -1.0004981438787754      
1.4984961926704659       -1.0004981438787754      
1.498496148629047        -1.0004981439848053      
1.498496148629047        -1.0004981439848053      
1.4984960539113172       -1.00049813728952        
1.4984960539113172       -1.00049813728952        
1.4984961925820872       -1.0004981437296252      
1.498496192926569        -1.000498143889276       
1.498496192926569        -1.000498143889276       
1.498496192881275        -1.0004981434916596      
1.498496192881275        -1.0004981434916596      
1.4984961909600425       -1.0004981438980713      
1.4984961909600425       -1.0004981438980713      
1.4984962013122691       -1.0004981388203777      
1.4984962013122691       -1.0004981388203777      
1.4984961926278997       -1.0004981438236389      
1.4984961918746067       -1.000498143370232       
1.4984961925683689       -1.000498143758115       
1.4984961923345494       -1.0004981437353957      
1.4984961923345494       -1.0004981437353957      
1.4984961922583753       -1.0004981437831135      
1.4984961922583753       -1.0004981437831135      
1.4984961739010363       -1.0004981391961987      
1.4984961739010363       -1.0004981391961987      
1.4984962753611468       -1.0004981323736812      
1.4984961843715638       -1.0004981418099839      
1.4984961843715638       -1.0004981418099839      
1.4984961926989162       -1.0004981434713736      
1.4984961926989162       -1.0004981434713736      
1.4984961925657712       -1.0004981438372482      
1.4984961925657712       -1.0004981438372482      
1.4984961925952838       -1.0004981438163159      
