0.9942693388735594  0.4918997648180341  
0.9975858599738271  0.4907075369385828  
0.985813235104402   0.49054267665842083 
1.0003168850586566  0.49580876471185    
0.9820321787360223  0.49199819145354934 
0.9880690471380128  0.49257124568164534 
1.0001431008200112  0.4893882128215821  
0.9925117848492031  0.4898929757080769  
0.9932596773023266  0.48855134154472174 
0.9711578427777445  0.49340741474481603 
0.9976177084083108  0.491753408174568   
0.9744397328112825  0.4941180761095158  
0.9966540571710129  0.48963952721495446 
0.998365847689656   0.4877625421429446  
0.9935307059553489  0.49140952692053863 
0.9920892655304715  0.4925217912420153  
0.9992154981177134  0.4919571361566937  
0.997054508746656   0.4891331392715387  
0.9927684482126928  0.49228619622233316 
0.9988796724191662  0.49001484415113    
0.9658406564019164  0.4962501010855654  
0.9948283551887431  0.49394987773763066 
0.9903263188515776  0.4911741809702944  
0.9970323796856267  0.49072992881076805 
0.99604671279688    0.48819660752030464 
0.9957113038626458  0.49169020312202366 
0.9933927460990867  0.49081808607381605 
0.9894566605620301  0.49416406216029113 
0.9718313986317939  0.4960812233082213  
0.9841152127576813  0.4934659206158865  
0.9938476998720204  0.4895507932480385  
0.998620433974639   0.4903872033640062  
0.9978996451942287  0.4899407920409596  
0.9946967486266557  0.4884880377506728  
0.9984167947841418  0.48876326300115824 
0.9919453430416094  0.4912648178324365  
0.9937446727071192  0.4909148815319136  
1.0015540285615436  0.4888894279958139  
0.9955287136762827  0.49009836131895385 
0.9911287512212398  0.4891870085285609  
0.979684833763391   0.49376551782527445 
0.9907200633723167  0.4938269926644817  
0.9890234847554211  0.49100064846218855 
0.9735725548417443  0.4935582979141311  
0.9898066443478917  0.49160343216874225 
0.9865046986445147  0.4909182978205218  
0.9938533605416315  0.49004161693111525 
0.9918312596835707  0.48866097140035014 
1.0037943044296     0.48642958773932254 
0.9935946727847589  0.49247032737004054 
0.9971140203088327  0.48807020745311136 
0.9950885899990215  0.49172723864031387 
0.9992394969121834  0.4911213940755818  
0.9945082418276118  0.48918573587447634 
0.949620244203512   0.4964735286807406  
0.9825064878868477  0.4913814017821012  
0.9902852196070032  0.4877118400920698  
0.9988530566166591  0.48971390943824455 
0.9852498816642171  0.49268699093357665 
0.9983718896330607  0.49096940895912544 
0.9999335515122367  0.4908148893892793  
1.002526335034176   0.49284667891144573 
0.9994851042391657  0.4871220263566621  
0.9912425895653129  0.495306874441836   
0.9786767555032414  0.4931395715694177  
0.9922149111496933  0.4897559302557368  
0.9981295770680307  0.4910373277426957  
0.9878540677258881  0.48740467602751475 
0.9963647702890666  0.48861399846755915 
0.9925153517114963  0.4911149094911701  
0.9948353894423505  0.4953088151202489  
0.9898339760780052  0.4920747955078533  
0.9987471418377891  0.49008706122580553 
0.9964718939702716  0.4894090571947836  
0.9984060650071054  0.4904561893226608  
1.0006736228562614  0.4887332416681279  
0.9992427937020034  0.48767479655939083 
0.9856480207006049  0.4966189032302722  
0.9834867564985988  0.4941176646864736  
1.001030174361825   0.48973446736785803 
0.9993170117519752  0.4901317255501461  
0.9909135077448855  0.49017518458980974 
0.9800560123359754  0.493525140765327   
0.9972736838164317  0.4911381591782134  
0.9989764275633737  0.48996989118137607 
0.9958996064085835  0.4923891659550765  
0.9788221710976795  0.49089538684336215 
0.9940374386122043  0.4890184462208045  
0.9988533864822561  0.4881507414902482  
0.994135127471894   0.49071414679419517 
0.9996662221338934  0.48947538210430436 
0.998544139495726   0.4896194186549216  
0.9860717621162981  0.49262022423253465 
1.0008300185216035  0.489673188148991   
1.0009654068366711  0.48397398029162225 
0.9995500563721509  0.4917854094259263  
0.9953612283798802  0.4892689649694153  
0.9963329042311148  0.484719086231325   
0.9883917346277802  0.4939342188832565  
0.9984871110298245  0.4890748586092943  
0.999965346898875   0.49205400434949365 
0.9924543943934879  0.48911468868660596 
0.9996460532214546  0.49161433707766283 
0.9854882681150542  0.49417151852140045 
0.9983150595691056  0.4880925063410781  
0.9978683080278467  0.4895133158899689  
0.9934121492463874  0.49169990256900364 
0.9928813087932988  0.4893700770152201  
0.9970048824581519  0.48909804538751733 
0.9953948560825464  0.4912434301600435  
0.9999351895866571  0.48647108947481055 
0.9953723179973125  0.49073407277633846 
0.9842354935696076  0.4940902275664912  
0.9949453751065068  0.48968540463513477 
0.9836831704673508  0.49299767231439934 
0.9940351807783883  0.4913650056195649  
0.9988518148817342  0.49024898450025844 
1.001147317043413   0.48699410535318294 
0.9932720338386182  0.4907772971338161  
0.9928324867033228  0.49046137771435483 
0.9909391532667182  0.4887926508978961  
0.9920090178857103  0.493491537366795   
0.9941604972747484  0.4910198090222713  
0.9983779782630542  0.4902429901033677  
0.9998761417842399  0.4902119309422832  
0.9862386830128067  0.49385372705539404 
0.9961696914679364  0.48872897345301175 
0.9971379617641614  0.49089402744615407 
0.9970789066205784  0.49159855192516777 
0.9924345403383833  0.4891035607348025  
0.9977099446069406  0.4894594897383694  
0.9977748050943902  0.49021306215520977 
0.9907273623772221  0.4927732789145172  
0.9957833786387668  0.48964747602072667 
0.973827185092239   0.4949114116604685  
0.9949629041769021  0.49035590144768954 
0.9986021276088809  0.4864039008777344  
0.9757966984059783  0.4917206037924165  
0.9859015944229977  0.49394152496953947 
0.9919241798632218  0.4909956114937307  
0.9932580625125652  0.49150420202426515 
0.9737387648013978  0.49517106951037027 
0.9997098221820159  0.4915829653343646  
0.9950954546503501  0.48816448294788584 
1.0014724048839985  0.4907696647096554  
0.9979814432095983  0.4908789332965282  
0.994367856436096   0.4913393564439563  
1.0009809341912403  0.49065405152817076 
1.0003930056050332  0.49252183514179887 
0.9965569916948575  0.4897465349234129  
0.9899604708156845  0.4909432140130689  
0.9947333624612963  0.4897499931713867  
0.9914858830181895  0.4935457408926629  
0.9887486371319003  0.4948498886296131  
1.0027276633572237  0.4879939332147518  
1.001650715424672   0.4893177456604707  
0.9999433849079996  0.4892741807487512  
1.0004884679737478  0.4868271613176915  
0.9958864903043309  0.4900652483786053  
0.9958739890595696  0.4897565888922475  
1.000867557257178   0.491443336228536   
0.9901051340411907  0.49105578946910566 
0.9977273905699852  0.4909366804252536  
0.9851876700444266  0.49143384361663434 
0.963171111638082   0.4946348116386653  
0.9949170026074705  0.49051680128153874 
0.999691785920153   0.49158877307530047 
1.0012514562301693  0.4890804437134213  
0.9955258046593224  0.4910398011773725  
0.9856638134708251  0.4937436507769953  
1.0000903151366616  0.4898958022519342  
0.9928320084404024  0.490670752451148   
0.9987080289190265  0.4856372834369427  
0.994217267749473   0.4894122775419373  
0.9924856478979598  0.49147051948555065 
0.9960554795361153  0.48857823973286546 
0.98027076895365    0.4962579254972319  
0.9964824978995149  0.490247122012754   
0.994977926317121   0.49077156011493367 
0.9959333137335713  0.4911685868944067  
0.9900362258315029  0.49090100951585114 
0.9987642607801694  0.4916080823352644  
0.9847753606334189  0.49175457174245785 
0.9984081482147451  0.48792192370534065 
1.0009433561314682  0.490567854431935   
0.9984633183375553  0.4893604914793286  
0.9924249208363912  0.48996671592918317 
0.9797587535681418  0.49232633996424663 
0.995122051686848   0.488668179630802   
0.9891007351950022  0.4893629487657266  
1.0011200321797034  0.490477881449885   
0.9896361490852917  0.49067999509833715 
1.0009245899300676  0.4866266059470239  
0.9960619646145015  0.4931507943566397  
0.9980975447289541  0.4924849934907674  
0.9941213139501043  0.49047323626262357 
0.9989110375687262  0.4896546965939003  
0.9930896954382084  0.4932499244333574  
0.9981805169648504  0.4907727840346594  
0.9970476415900542  0.4884532029291059  
0.9864579316462017  0.48641681603777176 
0.996077041947674   0.49331756480436706 
1.0043804549497526  0.4830988532501508  
1.0000855063590597  0.48962998852577055 
0.9854139604259045  0.4923711395278333  
0.9926587465721861  0.4887390414150713  
0.9891271020227892  0.4909798110865393  
0.9974383972764     0.4899996625399794  
0.984100860369823   0.4967555965078178  
0.9868490299599653  0.49442575120870486 
1.0000528638484028  0.4907840569458153  
0.9955910149445483  0.48907837913698415 
0.9941094746417064  0.4870515667198334  
0.9987951700009743  0.48726165134142363 
0.9986106091698873  0.49011051052854654 
0.9986613824822428  0.4886117512981691  
0.9972414310511966  0.4904987549365297  
0.9910253935142346  0.4933408391088127  
0.9864731452112073  0.4923599749179727  
0.9991078792665927  0.49631643905280587 
1.0017069423870453  0.4914105959006228  
1.000769913685492   0.4895763177036699  
0.9862723164910989  0.49385412910207116 
0.9883361115372652  0.49147222090445114 
0.9871471526634247  0.4902507921161934  
0.994348905122013   0.49103884842400713 
0.9963636342624413  0.4898555712931321  
1.00084860843495    0.49224633808215035 
0.9951752409061863  0.4924213616723632  
0.9967727916581232  0.48654515532949666 
0.9974263361811423  0.4876928595695521  
0.9990300752605517  0.4906278223118993  
1.0000825751616822  0.4902489104009302  
0.9979035664084575  0.48708830790429564 
0.9916769952060683  0.4940082865324993  
1.0018031768508027  0.4898307678895441  
1.0006728731782595  0.4885002387745366  
0.997428390959865   0.49154764678647095 
0.9959645430975024  0.4917357637562545  
0.9961241246332333  0.4900466470163436  
0.9804968370019478  0.49711250470507584 
0.9985638947530712  0.4900360543850348  
0.9874308967359615  0.4931758413039887  
0.9976208005027684  0.4908674447741865  
1.00072265499653    0.4880474366313755  
0.9941318541752119  0.4919163926087668  
0.9980124033074694  0.4875684352719811  
0.9969878969406389  0.4875686733760567  
0.9999307060318918  0.489825783729098   
0.988312412651735   0.4938936943623617  
0.997159134520529   0.48779092673037133 
0.998147550781339   0.48982934715792786 
0.9939895106831006  0.4916005190670411  
0.9958715664097503  0.4893297727323049  
0.9829987298577634  0.49540719315631143 
0.9968658423111941  0.4914806398746414  
0.9988446423402374  0.4892412226511535  
0.9936561350441536  0.4937458490633501  
0.9805906973452378  0.4929927819111646  
0.9930375265668786  0.49017282066163376 
0.9989975004042084  0.488887607695305   
0.998192063837282   0.49181571379504924 
0.9840819291604429  0.4946111679165859  
1.0007627739823612  0.489649916775045   
0.9964497653563608  0.4916471682887962  
0.9965638316308072  0.48976297784289724 
0.9807876851140598  0.49301034701427304 
0.9984911427101308  0.4888762580532834  
1.0012185369280995  0.49252133901784284 
0.9996261041830058  0.4913992272329227  
0.9940134644508227  0.49321342986111577 
0.9950312284305585  0.48722240669802913 
0.991942018999736   0.4859079858255432  
0.993446045932807   0.4887074125084728  
0.9909293555638312  0.4913820837674628  
1.0038343417007523  0.48599447192709855 
0.9875514852270505  0.48954015372582904 
0.9930823749090371  0.48896924817290804 
0.9676571096921692  0.4918661341038972  
0.9967264166455432  0.487854226965773   
0.9961578780683477  0.49125093597155606 
0.9922809617272373  0.4903577331598039  
0.9857289153506686  0.4895768190920489  
0.997663955288633   0.48915468807774215 
0.9948733659080797  0.4885824608182872  
1.0005089806085015  0.48815421302889556 
0.9979510446334565  0.49049917340749855 
0.9884733725350234  0.49238442103130753 
0.9960118382241168  0.48675466229216874 
0.9891841390774807  0.49050872967807346 
0.9712856446495204  0.4939192756025396  
0.9946676494778532  0.48951460300029576 
0.9956230145988666  0.49086798598542036 
0.984504647974585   0.4857962157524137  
0.9937518142150844  0.4913249525960417  
0.9923216295857021  0.4922522857511137  
1.001438713366544   0.49104697738188174 
0.9998367942054336  0.4892407476270877  
0.9977829659415131  0.49075756588116565 
1.0002505714755108  0.48764198308794265 
0.9993882650851125  0.4888077638334448  
0.9983472284850908  0.4896269394928335  
0.9937941959770668  0.4898197900536633  
0.9910893285503017  0.49061063590975845 
0.9949641469422045  0.4881729685486168  
0.9945620747293702  0.4921287383541552  
0.9967914937575582  0.48922949555027867 
0.991766706504486   0.4929608464052439  
0.9992448843878711  0.4903741822978966  
1.0000819163601513  0.48993264732281483 
0.9785243124238661  0.49618017149424876 
0.9835456685600453  0.4958363802268561  
0.9479631618523146  0.4992132465081623  
0.9911282777583191  0.49533953683368487 
0.9964311484520639  0.49024227920287444 
0.999348432416759   0.49107736754445797 
0.9913928361081015  0.49130027949097826 
0.9949020874248814  0.49411611396415744 
0.9952104011348684  0.4901849671711113  
0.997773038720372   0.49398348162040223 
0.9978675380613722  0.48990210753336677 
0.9914151425586026  0.49477349421538225 
0.9987834406691706  0.48984127808744576 
0.9912355516981615  0.49172304145024226 
0.996102332895383   0.49362398710583555 
0.9888249450016181  0.49299618191201994 
0.9805101478411683  0.4889966468469025  
0.9923950351708938  0.4894106351527297  
0.9998730124940598  0.4888893515956547  
1.00104199187563    0.48881021285112936 
0.9902959379420367  0.49176594041778743 
0.9876998226309261  0.49463790471464486 
0.9884375143146703  0.49084170458312293 
0.9973123524760767  0.488867926562977   
0.9914626332857353  0.49550103709196713 
0.9982758744580218  0.48996814121375415 
0.9961177730524855  0.48843696567340245 
1.0018644406246582  0.4883527596988332  
0.9869593363665916  0.49338348332778337 
0.9855331321718902  0.4930228589824963  
0.9999538014799765  0.48823966997869206 
0.9965431138273901  0.4935853977058141  
1.0000529943730252  0.4893531795006082  
0.998971307860123   0.48933802608517274 
0.9750835940880095  0.4898835303267408  
0.981641009855417   0.4938290242415644  
1.0003738633569927  0.48723882536575314 
0.9996416518432902  0.4874224727365751  
0.9998529655807481  0.48837346210788873 
0.9896532206689559  0.4909933062901897  
0.9773208561341707  0.4962764306668833  
0.9974021006495819  0.4900829937944053  
0.9951562154773697  0.492525401735396   
0.9900580950363816  0.4891687254937921  
0.988773755419935   0.49163407298982337 
0.9920279307247384  0.4931779440903051  
0.9982686760448223  0.49002489917547015 
0.9994305465530814  0.4898040159305952  
0.9919213638635753  0.49509182291658793 
0.9936195412322437  0.4912414498359539  
0.9820242307779558  0.4898348544288404  
0.9750543085615107  0.494637585728743   
0.988766699644061   0.49324083384143347 
0.9946860426274305  0.4961547100420768  
0.9973013628176387  0.4913461473430322  
0.9959742923782346  0.49101461359124965 
0.9986923688427747  0.49001720269669236 
0.9839956977682203  0.48745331543911036 
0.9943268939919613  0.49012478389064584 
0.9901637077508313  0.49384553509635476 
0.9920514943814047  0.49074485469871854 
0.9945075415968585  0.48786936530969877 
0.9925604093215407  0.4905283311193519  
0.9965313357658891  0.49091487979247256 
0.9887487450955923  0.4925161826145181  
0.9984399535356099  0.4890951622428271  
1.0005572049764537  0.49204404101938015 
0.9957976010237835  0.49231490422984137 
0.9870258264501829  0.494304800715105   
0.9911024826248119  0.49068980373296434 
0.9926326984894324  0.49049443520406133 
0.9943866458459968  0.4924440685307627  
0.9857717637792763  0.49555207040050847 
0.9940249098342919  0.4888846582015257  
0.9923814104159653  0.4928481772791622  
0.9963539851731988  0.4906350266625557  
0.9989041086820208  0.48827776003009843 
0.9999055823265005  0.49126570686259774 
0.997453648235671   0.4886627873664944  
0.9791171234125078  0.4935476562775566  
0.9922633573030606  0.4900484743556739  
0.9951323449576286  0.4888514902769654  
0.9949932793283107  0.49080370816763264 
1.0005929584713862  0.49143869439372995 
0.9984737496251613  0.4889010159742121  
0.9925914646760498  0.48745978610868856 
0.9965654378808879  0.4881503086977445  
0.9974196471679121  0.48900408867560147 
1.0018750663160991  0.4880691771900668  
0.9827046507001802  0.4947949131042315  
0.9891886226793004  0.49008612167201593 
1.0010668703432974  0.49057538436488957 
0.9981492233962981  0.4906443071337384  
1.0001148502329598  0.49050097466666304 
0.996457446108393   0.4916967693097108  
0.9892058266964178  0.49317611399900385 
0.9919160758579507  0.493131565118895   
0.9991795411539631  0.4900009714829319  
1.0002021932407157  0.4836080118841973  
0.9923563803112205  0.4911949218285278  
0.992135233035703   0.49397084402354624 
1.0010294288445614  0.49254585422328545 
0.9951357895118201  0.49512907870793943 
1.0014977821532645  0.48854442566256595 
0.9963819009623208  0.48817829472217866 
0.9967079449661376  0.4904590694089491  
0.9989029501263006  0.4890359784685193  
1.0003749749898485  0.49265628599181316 
0.9957858199629483  0.48895971353090933 
0.989604581826547   0.49584570858166854 
1.0003800181917595  0.4882128392696513  
0.9999529375022098  0.4899352522353718  
0.9932480138116332  0.4924355946638207  
1.0001146185597778  0.4866036698491309  
0.989509669512954   0.4922891850569574  
0.9838358451955564  0.49260553065192864 
0.9887088741789862  0.4928106858491868  
0.9903097501913739  0.4929336909508534  
0.9983692927693884  0.48923607967759475 
1.000680876862169   0.491054282595868   
0.9915521710426793  0.49063544757753375 
0.9947578920609506  0.49113515301887756 
0.9941096800907905  0.4898902277083774  
0.9968970777565194  0.49086980902563837 
0.998629201232345   0.4898709762358286  
0.9883275219984566  0.4914150178629819  
1.0007211194089791  0.4899571763317905  
1.0006446575239443  0.4909246912894755  
0.9999659036048464  0.4902205474034069  
0.9993517437146021  0.49125814328544304 
1.002603811997499   0.4907328237736634  
0.9951520720319108  0.4868482862602697  
0.9980037958862734  0.48880742540930266 
1.0006859303443976  0.49063848436861673 
0.9910569670090803  0.4910584165175309  
0.9811375352926385  0.49453770940486147 
0.9839058346230918  0.48911132166600135 
0.9966079631659588  0.49309714485802975 
0.9896821070430776  0.49217187614657404 
0.9985164897170458  0.49106106475408745 
0.9957415847074966  0.48671170163117694 
0.9995100212136416  0.48636499696601193 
0.9978277037489885  0.49025906207977726 
0.988582424668243   0.49179514143907205 
0.995025343257898   0.4902164585056706  
0.9930991373620894  0.49100958837051684 
0.9972115741037586  0.4907755766967829  
0.9919395357757851  0.49009508950729785 
0.998450998970299   0.48853802009855496 
0.9972931321067655  0.49147507371340726 
1.0068328400346613  0.4875834964520123  
1.000648559655727   0.4845489125149052  
0.9970021763881852  0.4895304022152012  
0.9911744469257113  0.4933111997507822  
0.9584989289663846  0.498741521328914   
0.9924931494570856  0.48818352333954146 
0.9936216267848268  0.4891108982361083  
0.9999684038482604  0.48901809610998    
1.0013617206437158  0.4905107252067038  
0.999333652659979   0.4917471758831089  
0.996890105581881   0.4927978704621613  
1.0003718665247905  0.4905454370323753  
0.9905767397027299  0.4971650946396161  
0.9955504693271219  0.4889498680638634  
0.9998604918961153  0.49003216540480443 
0.9997659842690704  0.49092522761951496 
1.0000424800903973  0.4896563314761452  
0.9871164541547238  0.4891133739266665  
0.998415975002374   0.4940850489821022  
0.9998111349312633  0.48778990565168245 
0.9914914813318647  0.49208336298245237 
1.000531338826436   0.4874870447138783  
0.9919993064540713  0.48894601053792225 
0.9912250656005022  0.4945101990863794  
0.9932992379669837  0.49089023350131206 
0.9912075214415603  0.4926757374908498  
0.9991029456591677  0.48821741768549803 
0.9896810365745646  0.49225024135387097 
0.9918559822021004  0.48984792312662107 
0.9948920364129256  0.4897287493592367  
0.9889468094773879  0.4882179977921815  
0.9725322961123084  0.4950294472804014  
0.9999445886027344  0.4862205292426816  
0.996157094937783   0.49048661127918086 
1.000466909652292   0.49087907857318225 
0.9930039694699507  0.4886184119184912  
0.9544162072333088  0.5050350361608967  
0.995060239621909   0.49044879473403485 
0.9984475147467882  0.4929526289560072  
1.0000393355513721  0.48938531112856565 
1.0022709236540939  0.4880606981515826  
0.9987953395196013  0.48997337767996085 
0.9879359150967773  0.49107557161306625 
0.994513057919932   0.48889766794331696 
0.9978347594631952  0.4902971001906361  
1.0006205103878434  0.4898627187659901  
0.9976935501840967  0.49626704119282283 
0.9991359874386938  0.4949308381718502  
0.9943720207126073  0.4916472694208159  
0.9949011727968201  0.48996053852263877 
0.9706003596624713  0.4972027778851371  
1.000130612178857   0.4896111683756362  
0.9936669057734671  0.4918681683256903  
1.0002512815090685  0.4887801451580838  
0.9950924979905171  0.4906302810591171  
0.9810324004908048  0.49280422499434373 
0.9828905848579302  0.49059530005925933 
0.9945375411431939  0.4904108457625674  
0.9846256758073204  0.49369526360795934 
0.9856098949736648  0.4947825145255317  
0.9896563792166877  0.4889846950290517  
0.9996901207009815  0.4908260311352094  
0.9923245134324971  0.4925342651510706  
1.0005991156575818  0.4887150476690538  
0.9940199466492226  0.49115280165500697 
0.9953028973841868  0.4933026380175666  
0.9991574102036789  0.48698511798627153 
0.9904166381703391  0.4915816677559489  
0.996746442131138   0.49074417796776454 
0.9960405898280353  0.4907309437294579  
0.9993003894412881  0.4894108106900508  
0.9963676918912676  0.49366005018014053 
0.9888288993217028  0.49386928857277085 
1.0014566463030994  0.49258313638595064 
0.9966392722613805  0.4884348290733283  
0.9957756964144424  0.49151777147323344 
1.0000970578749093  0.49191892180281066 
0.9915024408676579  0.4900140972701567  
1.0007285620416206  0.48807335095529375 
1.0005778017532168  0.4870768965331865  
0.9917032985262719  0.4940701830921724  
0.9953290179330792  0.49066035840459166 
0.9957036664443576  0.49320472896763157 
1.0010282282050351  0.4881457044065207  
0.9961099237737633  0.48841904343289316 
0.9954445486706249  0.48920373864068634 
0.999961037319933   0.48972321008021313 
0.9954692866888878  0.4898528387962154  
0.99834950879363    0.4914786096738664  
0.9932476753725374  0.4911266268855335  
0.9992359736631472  0.4879120004267077  
0.9856021586392764  0.49331903975128366 
1.0013887866275442  0.48955344627797176 
0.9982145481330879  0.48847512853539576 
0.9870296791066498  0.491256885723684   
0.9965296384339725  0.488887641453001   
0.9840538828667914  0.4901396405563032  
0.9962385900726131  0.49069806400345967 
0.9939145460526838  0.4901766569448492  
0.9898144009413088  0.4947820542812873  
0.9977432831742421  0.48893530651535067 
0.9981698377829368  0.48872644577495666 
0.9885965069811109  0.49270663519713315 
0.9995987343037727  0.4870862195809789  
0.9881131348125805  0.4948330735165024  
0.9986877810640149  0.48939863256183114 
0.9993873449971789  0.4904610849300153  
0.9959114567863716  0.4919187746126354  
0.9977303112728162  0.48972408394654093 
0.9940598270632366  0.48998235187986827 
1.0016047509816386  0.4850960164879051  
0.9985544067028981  0.4893649593442502  
0.9716695962904892  0.4925186101282422  
0.9981404582894606  0.48984826152770977 
0.999068017514723   0.4907451075977519  
0.9928169659490075  0.48928936869105993 
1.0011286220836062  0.4904146558393942  
0.9945346863904274  0.4905722145713724  
0.9893783443248451  0.4900233864907322  
0.9955533124548743  0.490256914810313   
1.0002592452764099  0.49003025206384176 
0.9932735707359931  0.48669153873923093 
0.9943498123833338  0.48722788598171407 
0.9955426628719004  0.487584961083284   
0.9961235816670291  0.49328198073156193 
1.0020116559149856  0.4884871599632576  
0.9986031405594576  0.4833165966285719  
0.9991435570575015  0.4859578827511135  
0.9972009887590216  0.49288523565363407 
0.9904244981825867  0.4915237771540833  
0.9951514644850079  0.4906340444718134  
0.9964299808158091  0.48822694102381287 
0.9978177466578716  0.490883645189945   
0.9975233865828447  0.4892547314364352  
1.0012309048003518  0.4912008975828491  
0.9834851107236746  0.49609155841100605 
1.0002031560994578  0.49021553740196433 
0.9906818461522249  0.4924831169150457  
0.9992792973305639  0.491937100391695   
0.9868263557962806  0.4908351358430181  
0.9996123864976638  0.48923278080849786 
0.988369017959467   0.49526142218215186 
0.9974752003802735  0.4927956393164149  
0.9809385557808147  0.4918960875121349  
0.9880763788760608  0.48908855648914995 
0.9964232781348287  0.48734988080368064 
0.9958569695015205  0.4899204468913669  
0.9980846512594402  0.48878485149333617 
0.9942348258901935  0.4896023294624626  
0.9959379984281473  0.4909487674479269  
0.9838034802460931  0.49618032969363535 
0.9990594894152552  0.48877638771007353 
0.9905788733956754  0.48886540589773464 
0.9973052977711686  0.4883900784244305  
0.995043244439739   0.49385795556298434 
0.9990919756306513  0.48789878070620074 
0.9982316507391924  0.49050515084501745 
0.9969208204139769  0.4874441187987539  
0.9905314153676587  0.4895466678476629  
0.9845318758826089  0.49105469665499607 
0.9998478769919297  0.4880779195880618  
0.9895446286565409  0.49045417489522025 
0.9987237995284342  0.4904013074481454  
0.9968195833653728  0.4870200964867566  
0.9866154035373266  0.49367111725040047 
0.9986372799643847  0.48844407677821555 
0.9996507882695563  0.4890800063535501  
0.9802221999658273  0.4924439961479294  
0.9999579113068816  0.49064932363192143 
0.9961737856983135  0.49100078519697543 
0.9883204997845763  0.4909036594572842  
1.0016725959364312  0.49151425578305463 
0.9935081778245907  0.49062598522702466 
0.9895896020670057  0.49231932142058904 
0.9894938924139915  0.49178613747186345 
0.9953831362481372  0.49016140809576303 
0.9987864515216398  0.48782318302856054 
0.9927382461413407  0.4907023470022823  
0.9993666821778266  0.48991757939004477 
0.9887843800755614  0.49156163055314883 
0.9917723626417504  0.49271721450656303 
1.0003292725763013  0.4918132783923168  
0.9973830793202033  0.4900120096325023  
0.9922011029967748  0.4902929619118851  
0.9990044681805106  0.49009358335221503 
0.9940856581639644  0.49068251914326916 
0.989265684085335   0.49522869122415697 
0.9992626004328259  0.4896870357103543  
0.9880874009518665  0.4927647582440835  
0.9994747180967456  0.49137880126033523 
0.9984029097889507  0.4894852628689658  
0.9959701362821178  0.48872912924661593 
0.9956887230419109  0.4880221316746347  
0.987696357487762   0.4914221791131721  
0.9993018746692225  0.4864881644273579  
0.9984222516301651  0.4900040976341338  
0.986352216899731   0.49088536843338026 
1.001844240365817   0.4894601319732817  
0.9916769523630878  0.4908210304811248  
0.9954070213211972  0.4910342217298826  
0.9993253985657848  0.4903105879696564  
0.9909102985981213  0.49188788412541634 
0.9908807610356173  0.4903078173705342  
0.9946296876927289  0.4907040339177328  
1.0008764961619014  0.4893395817689083  
0.9949460071563923  0.4887093624561497  
0.98723066363488    0.48956696198812244 
0.9908199441234281  0.4925576589318575  
1.0009320310056895  0.48905641952860157 
0.9952528641365711  0.4907903767198319  
0.9951298175549184  0.4918638767787162  
0.9942844124499828  0.4902132582435442  
0.9951411173267113  0.4919654759383546  
1.0017590378301913  0.49017623438951596 
1.0041011981953485  0.48799260500375    
0.986686672648911   0.49147516984525697 
0.9884904303959476  0.49292024255640915 
0.9979890254264346  0.49105733975271865 
0.9956547022244373  0.49011575944953695 
0.9938701725700643  0.49196371648191867 
0.9968866620440646  0.4880393566453624  
0.9898150412515893  0.48798808069237576 
0.9811447263895087  0.49592075783225326 
0.9964041578317495  0.4903728030710874  
0.9902001529334205  0.49249792956097127 
0.9826564024058154  0.4910499742507609  
0.9950666184337875  0.4929942171500061  
0.9845552183465079  0.49354602317701396 
0.9863036655922929  0.48842502835316537 
0.9928942218919158  0.49319128161498366 
0.9854709250120425  0.49511473414752916 
0.9927349808589842  0.49062234206334565 
0.9837895394641125  0.4939762490867903  
0.9998166203524016  0.4868285577837429  
1.0004297265348598  0.49116516800490023 
0.9870513269742819  0.4931759377444548  
0.9901908637757056  0.4916305819109125  
0.9990698262691065  0.4886783165419738  
0.9921993833515886  0.4933363615252344  
0.9832679912227905  0.49633605195427205 
0.9972358599543261  0.49005108441956974 
0.9960148563118644  0.48974909021001695 
0.9991886042922542  0.49025550737016377 
0.9890853845122672  0.4911220488322681  
0.9675847029871307  0.4956457088168831  
0.9911324302226674  0.49471701226351206 
0.9965726833339628  0.48808315417740256 
0.9872744320432988  0.49514604877218965 
0.9992008472424626  0.4893898568075957  
0.9969738797499994  0.4903684144930707  
0.9977307851616929  0.49185412422907465 
0.9938340448670597  0.4930244935292754  
0.9913443857829117  0.49221423758898825 
0.9985147182911649  0.492124375590317   
0.9938682652973267  0.4908100717718503  
0.9931280696558887  0.4945362347951727  
1.0009765004447284  0.48998474674076314 
0.9824999344765198  0.49031302360206663 
0.9939458084037947  0.49207605701399737 
0.9754672350272812  0.4908998735871479  
0.9767247377006345  0.49137084237153333 
0.9848016658593381  0.49287745623887014 
0.9952026406946806  0.4911909610009949  
0.9996737274855669  0.4888505377087839  
0.997151810919093   0.49229461152880555 
0.9917546300056801  0.49059295724805235 
0.9845224816392392  0.49534558548054086 
0.9971325920502307  0.48902421349448033 
0.9920971602523381  0.49172169480403205 
0.9971257361556628  0.4928698075900426  
0.9991196222884028  0.48695259385595013 
0.9997970004347272  0.4902166773232377  
1.0016962797174036  0.4927639277398479  
1.0119923650214138  0.4854047066432831  
0.9978491927791913  0.4911702382208263  
1.0011580951489956  0.48816302425628455 
0.9984859788151854  0.48971565156913216 
0.9997543953895558  0.49120593507462695 
1.0007072118387987  0.48789368451674814 
0.9969255597513715  0.49008954331006505 
0.9899298506051983  0.49167763620564575 
1.0006498512175732  0.49054819065935684 
0.9923140108394387  0.48802940434292896 
0.9992603727121626  0.489904737682324   
0.984956373007063   0.4910615670502841  
0.9919991424349373  0.4931393542935671  
0.9801255390754562  0.4913328334165785  
0.9914184496370909  0.48968628534830094 
0.9962112908470698  0.4903989018035922  
0.9916387468139936  0.49360183791662193 
0.9998735692689684  0.4879814035430815  
0.9940287619576765  0.4912998968597707  
0.9934488343796486  0.49205136553145457 
1.0013424824597437  0.4899964373600253  
0.9922372192013249  0.49148445747201697 
0.9812719957410446  0.4929988935889206  
0.9969331447315861  0.4915595868675412  
0.9973997089590152  0.4862096799567352  
0.9920003636464043  0.49170664895231525 
0.9787704388417289  0.4954577900773908  
0.9994996270818535  0.49205365360413267 
0.9971057572145913  0.48711744175159893 
0.9990904152690552  0.49589824087732937 
0.9944094352846587  0.4877782387155536  
1.0003656168503932  0.4936873896483571  
0.99482323817264    0.48466271080672974 
0.9621319729671043  0.49942832376143936 
0.9972512253212795  0.4890147246041075  
0.9898111522986974  0.48934204732852965 
1.0007483810457305  0.4875876204528004  
0.9960359383369674  0.49126913174761    
0.9922470072288974  0.4950396060675777  
0.9914925662762418  0.4938064070336844  
0.9948485252417142  0.49419585274770766 
0.999995112817383   0.4864153296359249  
0.9845651051267947  0.4937835544737841  
0.9959264244979434  0.4857867361919428  
0.9926811778387455  0.4885442556157101  
0.9897583077862642  0.49357194831195994 
1.0000076161495688  0.49060364782786786 
0.9941455713950692  0.4924284668833891  
0.998914773803795   0.48698321437228065 
0.9957306540199898  0.49039401423789347 
0.9993564219487929  0.4905455304909044  
0.9777260786166864  0.49298214606805224 
0.9887443617425835  0.49275611759392274 
0.9781515472098508  0.49420058566079433 
0.9978125210999453  0.4893064612862009  
0.9984254885608267  0.48993871870217254 
0.9918617649058756  0.487882168390431   
0.997719863099328   0.4879209202944647  
1.0022350581665393  0.4873390725630901  
0.9874243656066405  0.4871812332446192  
0.9979327179699439  0.4897327157368098  
0.9953117793360875  0.48911370996211373 
0.993004054763094   0.49022813277422506 
0.9978391502258872  0.4896251695845475  
0.9984379632381903  0.48971152261240525 
0.9781757123336886  0.4971472782170261  
0.9888562631541942  0.4929481413351896  
0.9942326707872     0.49393703784422094 
0.985768680019243   0.49156331867218495 
0.9968769275064742  0.49145817835717115 
0.9822283554763344  0.48927296167270207 
0.994018300551976   0.4913096722006498  
0.9981918558354979  0.48983767606307227 
0.9897322463610098  0.4926402097236719  
0.9964043689159499  0.4917591168904267  
1.0014636694317292  0.49111502120730105 
0.999585978339168   0.48816367733052046 
0.9929189899750571  0.4902235030595655  
0.9897932088787401  0.49134354711442935 
0.9989851452460655  0.4887686835460834  
0.9959981563711049  0.4878621526955934  
0.998371462848553   0.4910073724800526  
0.9994525137318129  0.49198186088534446 
0.9929149956641273  0.4892047250943363  
0.9996713572561438  0.48766929587085617 
0.9994222078605944  0.4886212232572955  
0.9990339109268463  0.48832714925969706 
0.9881256399667934  0.48857027791670543 
0.9919512225055664  0.487739271480104   
0.9959768640682266  0.48787586965287444 
0.9935071486118194  0.48689381270874676 
0.9925903262397422  0.4919572528850773  
0.9992640873522896  0.4921847463826089  
0.9897620838934089  0.49264753250513316 
0.9980189155149194  0.48952604225299484 
0.9827394618336971  0.4917678214732077  
0.9993986542398725  0.48901442460783606 
0.9978783226124971  0.4879598688664576  
0.9889354855218941  0.48677908975649276 
0.9926889980690856  0.492348024679402   
0.9983282140182936  0.48947297391173034 
1.0002888835325663  0.4871276592712729  
0.9959691270891534  0.4893190151299927  
0.9895449595737962  0.4932550734069951  
0.9988945538275643  0.48897576476948795 
0.9891916929504895  0.4915243966682131  
0.9888821522182877  0.4933901029209251  
0.9682717257464359  0.49650335367945353 
0.9942616559638552  0.49157118635610386 
0.991171040238655   0.4885649310240756  
0.9934617983596172  0.49219320104009734 
1.0005726328095175  0.4914406620871151  
0.9936821439187491  0.4903380373823508  
0.9941896669475246  0.49113990485887105 
0.9907417231796871  0.4881399875150078  
0.993417544352031   0.4898346619662072  
0.9906424433416925  0.4904527390910499  
1.0002146646836974  0.4917632329516116  
0.9958097813443937  0.4918509330128979  
0.9934541796317873  0.4921849322538173  
0.9899368698192493  0.490555607632776   
1.0008873234047382  0.49100308319505925 
0.9988283890495765  0.4898431714805666  
0.9981168533045048  0.49080799997398455 
1.0005052011668567  0.4913482967397345  
0.9934910744572386  0.4909128058595463  
0.9942926193494768  0.4918913595941348  
0.9983053787141222  0.48989525925859156 
0.9956563060886551  0.4909099243890863  
0.9913679327973334  0.49248058939539363 
0.9945192486858304  0.4935342212231615  
0.9971157226717985  0.49062565587501755 
0.993505981777078   0.4908905799005691  
0.9901981986869278  0.49458120936360894 
1.0003186232887935  0.4925418715478372  
0.9891069582892085  0.4924712520763964  
0.999397120526717   0.4898620979637969  
1.000424817424311   0.49145218278941405 
0.9958368460980749  0.49144783053408786 
0.9745541739425002  0.49181077363021003 
0.9989567210732919  0.49041428064652764 
0.9980943175161314  0.48688075778251905 
0.9986207480291219  0.49089242717753395 
0.9971545940579915  0.4890794272415905  
0.9921705534115752  0.4915683319224943  
0.9997267457961838  0.49453294323894886 
0.9787656245684194  0.49267698240161134 
0.999320240891621   0.49161975908165356 
0.9997409822186056  0.49060927553917544 
0.9952238624876416  0.4900480192441214  
0.9855814726764516  0.4968520049054919  
0.9880490284059762  0.4928326516895734  
0.9895065976467993  0.49099932870542196 
0.9930269543667013  0.4908088439801128  
0.9927138513477006  0.4914616049941718  
0.9977932155303324  0.48847054099018655 
0.9927408685691521  0.4907059669552076  
0.9991165220716989  0.4871350582581737  
0.9996962064458645  0.4915587460956517  
0.9899501408514372  0.49194551814204546 
0.9913070431874075  0.49294793480799026 
0.9941256736248184  0.48497304724596707 
0.9977645192370632  0.49062418630744425 
0.9917010867116132  0.4911192328813815  
0.9945740114774504  0.492843913516956   
0.9928768587834048  0.4930736027068599  
1.0013490307095751  0.48859500991107524 
0.9948480952847485  0.4910306802403183  
0.9922687291009943  0.49544473734901806 
0.996647945397159   0.4920330343452369  
1.0004711338214167  0.4922181641258755  
0.9985795569898588  0.49011389195495014 
0.987010989390916   0.4927960230285537  
0.9697402099639727  0.49585215255304205 
0.9998547844636964  0.4883629268249697  
0.9967139896248598  0.48980005869820914 
0.9931986635429961  0.4896819556752423  
1.0002114098934227  0.487732614591435   
0.9909733479003799  0.49237707187633084 
0.9950014180244421  0.4885145263314754  
0.9950472396043993  0.48841962021431135 
0.9966027023308439  0.4894585461079577  
0.9989003445609693  0.48630490151683037 
0.9928008055241591  0.49046555408035414 
0.9872696511770236  0.49267679830119826 
0.9777995030202865  0.49125825072129836 
0.99685527387096    0.48536000325038126 
0.9988937210951234  0.48918661897583804 
0.9976990595721381  0.4887195346874982  
0.9985194680484317  0.49078444906509666 
0.9842065152957261  0.4907538860925731  
1.0005081043730495  0.4872202672093092  
1.0002841277726513  0.4889744125853889  
1.0007783921805407  0.4908402857854641  
0.9686441146545233  0.49669032898182364 
0.9993840736811482  0.48905218179967624 
0.9969798568971208  0.48883253675396    
0.998392033592024   0.4885750161058466  
0.9791843350331952  0.49942770178469054 
0.9986558003825017  0.48897598660859987 
0.9949622909168555  0.4921071253291511  
0.9964649262940487  0.49138003016515797 
0.9988176186871502  0.49021644456980057 
0.9877926608272416  0.491711765860335   
0.9923368293575592  0.49317136891858354 
0.9983920806187676  0.489645548305153   
0.9984861256819022  0.486558660300764   
0.9995106111317191  0.4893624538551256  
0.9983748167453376  0.49022168269808336 
0.9899527094440072  0.487914371549174   
0.999134511597846   0.4898848629827827  
0.9995715138791483  0.4902106656902268  
0.9993855082528443  0.49307213649102927 
0.9784024515809211  0.49503443317818063 
0.9987998978851038  0.49323619621806575 
0.9945794525078758  0.4902572120818679  
0.9996910185431399  0.4900663207229019  
0.9978726970339137  0.4872541876434461  
1.00255866939492    0.4882927820860278  
0.9903725305947872  0.4887371761187881  
0.9984886360358901  0.4843762558874248  
0.9637441976498756  0.4964382155387729  
0.9963128655957335  0.4875333848059573  
0.9900194514453937  0.4904861324020994  
0.9929747268605678  0.4902670699258829  
1.0003857578494875  0.4925461629356818  
0.9899237619063639  0.49174412738406076 
0.9910454630725041  0.4922029675488836  
0.9915715414307829  0.4917034652539362  
1.0003706068853295  0.4901018411287971  
0.9888319135700232  0.4926956292495232  
0.986333892589513   0.4911791722344195  
0.9979948405575252  0.4887946739595437  
0.9913807500762077  0.49544778481336105 
0.9979780609335936  0.4907392823647966  
0.9875670700139785  0.49564736188417546 
0.993712283843823   0.49251441296109055 
0.9986792430906994  0.48920778552222216 
0.9895578958822656  0.49359510300949677 
0.9915504525588873  0.49303033483183945 
0.9973418153196272  0.4889321407628244  
0.9968029549654869  0.49001308620579553 
1.0006691370910483  0.4951779433842661  
0.995391141949131   0.4912153274046195  
0.9872208279274711  0.4907785405670896  
0.9927359601349687  0.48941446031508307 
0.9954543093584265  0.49317220034165854 
0.9903828882231716  0.4929023953045252  
0.9992659521439055  0.4917421083375821  
0.995314870944052   0.492893645645938   
0.996486096397389   0.49061748192433574 
0.9855004909228885  0.491020490712449   
0.9990249465569582  0.49144513155774094 
0.9986552836657947  0.4881049101468301  
1.0019602731500943  0.4898740327674325  
0.9890768119066472  0.4918590755030769  
0.9933565482553199  0.49192231990371704 
0.9967207064459839  0.4925910112583378  
0.9939577171487987  0.4911208040860253  
0.9954324782607595  0.4889957528611625  
0.9977747753223799  0.489741453443601   
0.9985303912814965  0.4864699734453962  
0.9812746751619547  0.4963966885763923  
1.000400211674615   0.49147432528347906 
0.9967300210711603  0.48936798961761013 
1.0007008370320432  0.4879163204284145  
0.9993720465356636  0.4883954330969843  
