0.9593023678319044  0.49075772875363527 
0.9812326675538582  0.4921923923720572  
0.9468376826231671  0.4882197579965464  
0.9731427587284989  0.49445941331390353 
0.9463853980015922  0.4888172132133301  
0.9622186295959642  0.49158957181711793 
0.9533701021172132  0.48883692008050905 
0.9556874458049921  0.48867738439476405 
0.9539265907571427  0.48766286639314194 
0.9357992444166446  0.4879844095365682  
0.9641035392908303  0.49112311821344445 
0.9352357130190732  0.48893370630561694 
0.9665848477422537  0.48987607343077144 
0.9564125934052354  0.48763444759322255 
0.9590517681632443  0.4900822934081321  
0.9566578584475328  0.49136917009702435 
0.9670972553315038  0.4915493545981685  
0.9539299854033706  0.488751474817665   
0.9588509577311923  0.49048633143249687 
0.972362837485557   0.49040724332064883 
0.9280052365748603  0.49113050508579237 
0.963355829300327   0.4929624651974691  
0.9576651687914932  0.49009776159828633 
0.9540998435537263  0.4891103980007408  
0.9666710659643274  0.4885870824913464  
0.9591861948676828  0.49056919986063885 
0.9530947574020501  0.4893668376089354  
0.9612485126638284  0.49277229515369647 
0.925525038089125   0.48813524471767294 
0.9479357015118982  0.49057908098236663 
0.9585355085965581  0.4888691541278594  
0.9640509520901436  0.49033969215138296 
0.9552419709747326  0.48924793660968835 
0.9585352125900846  0.4878012497194838  
0.9525819590951933  0.4881450182481486  
0.9639264936595968  0.4907870763471729  
0.9551833586598394  0.48990662106301214 
0.9629961509722021  0.489107847543853   
0.9761296832497101  0.4908988761423695  
0.9508068457231541  0.4879234754879722  
0.9417126090567566  0.48996437594695824 
0.9647969210331733  0.4924531299616478  
0.9573573824817758  0.4894671601008669  
0.9363230418001676  0.489521085656459   
0.953828036155319   0.48945069985718387 
0.9495797490503052  0.4883980418734126  
0.9513613164498441  0.48872215028895816 
0.9460847735316807  0.4864849593259973  
0.9544943318500089  0.4849271061251506  
0.9648595698847212  0.4913978158643316  
0.9511172220098889  0.48696820025923504 
0.9681373936861236  0.4909783594859938  
0.9662962255818713  0.49116148794807163 
0.9533274516303638  0.48830006912166823 
0.8821811813901136  0.4817239417546619  
0.9452667131700629  0.48955767794089183 
0.9489742794505577  0.48669582650846693 
0.9583951762995789  0.4898273323732372  
0.947136330188148   0.4895786765138227  
0.9639757386232793  0.48991807485168065 
0.962777064530116   0.4917523634240344  
0.9902754168726552  0.49350159173858166 
0.9489815740043691  0.4864370390577071  
0.9595510073902033  0.49329890705299234 
0.9477135757103006  0.4900383487540623  
0.9618413884724669  0.4887832506418067  
0.9631087362294107  0.4902098724053927  
0.9425199453416542  0.4854021822879749  
0.9636029121697673  0.4881618571428351  
0.9546254112257418  0.48934344944396263 
0.9708982845686818  0.49416213593340214 
0.9604012485547584  0.4906199928563246  
0.9550984738393559  0.4896234428858495  
0.9613095505246938  0.4891555850017755  
0.9585822022778587  0.49008689703871133 
0.9625177138496706  0.48876367553643585 
0.9607059538864411  0.4881398601259943  
0.951058171772773   0.49386141571466463 
0.9560166291578847  0.49235440018578586 
0.952683388087384   0.4898324234471248  
0.9649753979642948  0.49019567949807236 
0.9587510570246999  0.4891888983318429  
0.9414539974110031  0.4899317736887567  
0.9626896386250003  0.49049257346281666 
0.9628485881155452  0.48981892258897974 
0.9692922770982387  0.4923522149492042  
0.940801792143437   0.4877932523159574  
0.9589953491573815  0.48911356026293207 
0.9611327750476735  0.48826635602807034 
0.9565130348237384  0.48985584924101494 
0.9622100870803715  0.48955728011233757 
0.9542084400064976  0.4884569865753078  
0.9531543162875606  0.4897991575558404  
0.9677255288873104  0.4905741682221198  
0.9383151232179789  0.48247880612478866 
0.9680107133058912  0.49151683884125663 
0.959545182669381   0.4885749999101805  
0.957142023952502   0.485351658736574   
0.9547062017717596  0.4919131912345791  
0.957671842064886   0.4880035065347326  
0.965535838737397   0.49158791180037426 
0.9536930947556003  0.4880049297811111  
0.9678593144914559  0.49101661547368985 
0.9543020665243398  0.49174205547369376 
0.963606189924643   0.48844262742608574 
0.9641467007710706  0.4894599175193535  
0.9543754484576585  0.4897269858288694  
0.9563695469959029  0.48874395494660744 
0.9607733751960689  0.4883388190274328  
0.9699869678058919  0.491172307263058   
0.9516509321474965  0.48585214678236777 
0.9557272562871854  0.48931836516141763 
0.9512214376696682  0.49140212968262315 
0.9577172269236339  0.4885448848492038  
0.9442862171027753  0.49019909509585374 
0.9662885545566824  0.49077788025181196 
0.9607484866407203  0.4900014972064923  
0.9589269549318695  0.48727107610031933 
0.9625841958254344  0.4902244067108874  
0.9581214399249265  0.4895097198795172  
0.9531957211592561  0.48767277102277634 
0.9577544159391578  0.4916663055630412  
0.9610341667423333  0.49025421949841574 
0.9628788219127383  0.49013091842994483 
0.961245849096011   0.4897521406817511  
0.9599919546369936  0.49187853444831836 
0.9570683234841602  0.4884120495810398  
0.9662915152676437  0.4907546543151013  
0.9809567545673513  0.49233090980406047 
0.960089830187126   0.4888893490616375  
0.9590870640942154  0.48897207475578264 
0.9581846023281826  0.48950789372745024 
0.9606820466773848  0.49100661950057    
0.9691803934487009  0.49025517310028366 
0.9383356095096198  0.49089595698987704 
0.9701971399920235  0.4906630250075735  
0.953957105921506   0.4865278778223167  
0.9336635948759223  0.48830074817391506 
0.9461102188223819  0.49104485845442186 
0.9626136307645088  0.49001900292848555 
0.9639029062477413  0.49081198792492464 
0.9427204189026136  0.4904997903701549  
0.970609682664642   0.4923486857196153  
0.9548440224191419  0.48765905991740055 
0.9700270408357263  0.49126732609137314 
0.9589302106756916  0.4899365690394767  
0.9651627707661292  0.49066148979839447 
0.9676197770974492  0.49054179325110064 
0.9749652562468101  0.4932626824523994  
0.9649775627639253  0.4891189236658582  
0.961234074501597   0.4900026872325626  
0.9541477323970522  0.4883692869360753  
0.9614552475910002  0.49242608985610853 
0.9605993428430998  0.49252147019393844 
0.9743864520169493  0.489214792294095   
0.9674086223833348  0.48997580841545685 
0.9699062978242536  0.48949502833086134 
0.9636974163022557  0.488008544168532   
0.9644685054916272  0.48933371507675305 
0.9627577816763748  0.48900954959022885 
0.9696500752125674  0.49138106465508713 
0.955324837296801   0.4893932744028472  
0.9603629655275021  0.4908466773455208  
0.9480765319348684  0.4898112398038007  
0.9226925987719765  0.487139147649647   
0.9645861595120158  0.49012658642813645 
0.9714253741522619  0.491490426533088   
0.9705758456134759  0.49008146536746205 
0.9631351706384079  0.4903978140642235  
0.9459938294052748  0.49013029956053644 
0.9626524075325206  0.4889679458077795  
0.9653168604418445  0.4907107223660844  
0.9563213742390972  0.48618359083204615 
0.9538519422658377  0.488451144276953   
0.9509242905980725  0.49009014942160206 
0.9658181969605871  0.489180254898914   
0.9425364264009752  0.4921815898193617  
0.960065205691642   0.4900323823978439  
0.9593797099509387  0.4899351739753538  
0.9673960385791514  0.4914085080233593  
0.9603866338438356  0.48979820741752583 
0.9612594917260748  0.4908374290932048  
0.9498754917571783  0.48955891276128516 
0.9689208827935655  0.48872101014930114 
0.9640591010942045  0.49056888388209374 
0.965647957460563   0.4890306087478701  
0.9574971967165686  0.488799207825821   
0.9416786261652919  0.4893489944472919  
0.9663287606968091  0.48879618081620035 
0.9425058579245083  0.4873242752747699  
0.972425311977009   0.49127292484119817 
0.9577649432380594  0.4895415626990275  
0.9710196667403991  0.4883235215891889  
0.9621772804288848  0.49173196182396267 
0.975864768920495   0.4927243854833332  
0.9698030087537939  0.4908354633719443  
0.9622902022184862  0.48925204103069164 
0.9591894793126238  0.49163288274990186 
0.9701763983427253  0.4909715139111856  
0.9602444113205504  0.4883623526465461  
0.944985076484758   0.4855633133249166  
0.9683354578484885  0.49214771573279603 
0.9788105547407056  0.48752206851561924 
0.9661080453666268  0.49044834715511587 
0.9588287154730891  0.4904786268829586  
0.9498424557973584  0.4871082890093451  
0.9509637704882261  0.48920429894353545 
0.9557902633179067  0.48958726787644535 
0.9563746142347158  0.4931657725679084  
0.9547291947705311  0.49149870770717013 
0.9673670596071866  0.49080548822463443 
0.9633791744187881  0.48916142769155463 
0.9579195605643765  0.4871170560274456  
0.9586947684658658  0.4878679049913453  
0.9570734161851944  0.4895444551637503  
0.9578973598606042  0.48855574083161446 
0.9632998744930585  0.48989231333604166 
0.9703587213601087  0.49410761493241895 
0.9515764437178662  0.48991160716380666 
0.9822026935001898  0.49530856623260333 
0.9760212625634417  0.49186981074592856 
0.9654643806714572  0.4902451889642971  
0.9603358033550393  0.4918459485745205  
0.9544584768216724  0.4899620519487887  
0.9491661260151584  0.4883481873767652  
0.9587794545043907  0.490452851835948   
0.9607884837865612  0.48966065386143354 
0.9728398721997855  0.4919470447833856  
0.9672718998450448  0.49157625165129964 
0.9636115117811688  0.4869761788136131  
0.9508852274595448  0.48686340496331104 
0.9579388173013998  0.4908506430405322  
0.9669298611053231  0.4904094397719688  
0.9562027431982449  0.4868611744579865  
0.9597438446009515  0.49283185101827054 
0.9666901693021415  0.4901491870005125  
0.970420521649717   0.48903260420616873 
0.9676861925621706  0.49103351577836174 
0.9665966431485534  0.4908884709335414  
0.9574565454916338  0.489481152763274   
0.9451331430836032  0.4926333428350021  
0.9555569551115799  0.488740413235683   
0.9563953719904789  0.491382949180791   
0.965665726932268   0.4905758375714129  
0.961745109751375   0.48764648721013015 
0.9738262915429775  0.49260566717711    
0.9573667926686541  0.48795255674432664 
0.9535560058890299  0.48769415804758764 
0.9696475192489052  0.49031853915255535 
0.9530182180114535  0.49196666804919154 
0.9614233093143982  0.48746566773579814 
0.9631037325453722  0.4898222552749569  
0.9597014195155129  0.4907821993702659  
0.9646041359602141  0.48914418618580413 
0.9537813006094068  0.49209294012388677 
0.9701242853529686  0.4912730821137066  
0.9583286352330128  0.4890421760026828  
0.9621819599997397  0.49244100745666974 
0.942670997867419   0.48840216223316474 
0.9527335133944683  0.48883909093692673 
0.9663582360774138  0.4892250064128184  
0.9653706921115258  0.4904078847556687  
0.9468499675419373  0.49065908988745643 
0.9682252920473781  0.4902193474145292  
0.966413585609105   0.4908335236620198  
0.9550122382992925  0.4890250259751654  
0.9379309309166749  0.489198121404414   
0.9555147271670001  0.48853338846763456 
0.969150269799485   0.4920584123724949  
0.9722466981214937  0.4916953000679969  
0.9664047704708312  0.4918364967271061  
0.948711648785525   0.4861131516437295  
0.9433194685989168  0.4845056650235724  
0.9524234447743035  0.4883299266234655  
0.9543627251900682  0.48937045333360096 
0.9757807736835585  0.48894034747098086 
0.9556923743320372  0.4890994754528272  
0.9599890197909018  0.4883699338169434  
0.9304796742067474  0.48792342333692046 
0.9712447235924179  0.4889620392818678  
0.9717388366888403  0.49117152474889236 
0.9620032665087905  0.48985077356087203 
0.9420936670523626  0.48742053091341403 
0.960135030551961   0.4888765926611296  
0.9552083536402419  0.48771844967324907 
0.9575120798763417  0.48850722205564845 
0.9672189216626204  0.49046577038523936 
0.9557599705750037  0.4902095603477191  
0.9619262806238063  0.4871279610712222  
0.9623992568731752  0.4896690211087864  
0.9344171494494478  0.48814542828690743 
0.9575121935498401  0.48853480724114273 
0.9652611076815866  0.4906011389241992  
0.9352863577939032  0.4839236044148053  
0.9594866063627759  0.48988109493425935 
0.9612051436032363  0.4910827610916923  
0.9659692110664878  0.4904415911214304  
0.9565294848842332  0.48780320483467915 
0.9665160367551299  0.490519279176269   
0.9583278842908685  0.48750169634826535 
0.9605895787374162  0.4892487243238322  
0.9587409942842812  0.4899179430614347  
0.9604899977668555  0.48921810427954515 
0.9582382173686959  0.48905362366173816 
0.9519891833760517  0.48682448711131243 
0.9575151981469375  0.4910330605818514  
0.954592377281366   0.4884228751177897  
0.957432494021232   0.4913993566535083  
0.9684116687408899  0.4905096915510885  
0.9644024366122236  0.49011253485020356 
0.9446763572768672  0.4922487444690343  
0.951441450090326   0.49187260329015575 
0.8753505862650439  0.48284185338016616 
0.9616345757473682  0.4930813958840004  
0.9595111943175442  0.4898438735752579  
0.9697348457542153  0.491649548672818   
0.9575806116661387  0.4900358313004707  
0.9677476810559204  0.4933934457876041  
0.9645924812146086  0.48988777799917527 
0.966369309986868   0.4935259763250319  
0.9549141757835176  0.48858210422162385 
0.9689504095383129  0.49320368656271146 
0.9600025671612336  0.4888005118466505  
0.9553149843500538  0.49017667511439517 
0.9765746728349017  0.49368765777490486 
0.9612376889880044  0.49164256218886004 
0.9441296346155106  0.48709721898183567 
0.9599698575883778  0.4888747404912704  
0.9630756427058064  0.48881802588428036 
0.963067883652239   0.4887550608852044  
0.958957239626261   0.4902855428631241  
0.950666441012542   0.4912934609135256  
0.9517727347900707  0.4889438775893294  
0.9511094911265     0.48806611752161194 
0.9614918281019872  0.4936253609890423  
0.9570419400876804  0.4896997072833641  
0.9544974458161576  0.48770486766744664 
0.9687110541263766  0.4891215351551689  
0.9514425613153901  0.4913076410644829  
0.9475082199672085  0.49036191608306984 
0.9503655762825244  0.4873430249067954  
0.965919972316926   0.49304138740064296 
0.9624973511020161  0.48926021166473266 
0.9604534123025585  0.4887532968602571  
0.9255788738511039  0.48495720661514086 
0.951005423049375   0.4910171696075817  
0.9648515169325474  0.4875890897738103  
0.9506738909690335  0.4869928266134442  
0.9598896252208395  0.4871463128520546  
0.9550716028957272  0.4898634874887402  
0.9476719285874224  0.49198990745740906 
0.9575577946668088  0.4895297676968742  
0.9653108625249213  0.4917021970554725  
0.9619363409481538  0.48879380922754084 
0.9507515004056585  0.48985510984415015 
0.964314566336304   0.49221741494264676 
0.9649113150873504  0.4904765885512637  
0.9650190791471794  0.49028097329475884 
0.9695253605589153  0.493401216311919   
0.9538778012932185  0.48966368775716945 
0.9466163404351198  0.48787832063267167 
0.9273304133019605  0.48804925185111825 
0.956955209164041   0.49150936699028314 
0.9724324284096287  0.49482101474618345 
0.9563307839326616  0.49027861286762503 
0.9492518427209815  0.49003111433502994 
0.968222512641796   0.49000810581623344 
0.9425159675220179  0.48561332730039675 
0.966664862552061   0.4904049511996015  
0.9617583192853209  0.49274792169517106 
0.9534619917334706  0.4891243042669766  
0.953314381211207   0.48694050170357894 
0.9647269677951537  0.48985376245839407 
0.971869508173791   0.49096676046740967 
0.9576661512811061  0.49104778959811657 
0.9652308451184374  0.48922712915891375 
0.9745031021988497  0.49226037803497946 
0.9687254468994235  0.4917758903743053  
0.9600410527963205  0.49192340461264444 
0.9617706906334922  0.489630074065204   
0.959324754082169   0.48941192632268243 
0.9635430862507356  0.4915043627568971  
0.9567046392881696  0.49397316413555    
0.9694555484302955  0.48974481168086276 
0.9629198376556631  0.49155920222995386 
0.9709259912126549  0.49046806966002554 
0.9539033828988316  0.4878617293294447  
0.9681425220836525  0.4910328031858847  
0.9574795869075845  0.48794491855498945 
0.9396813192223299  0.4888753649496057  
0.9651912417742133  0.4900626872359314  
0.9594265933588245  0.4883582757569029  
0.9588032392785597  0.490133332511926   
0.9733252503295932  0.49120291666779325 
0.9558878708518557  0.48810083198975435 
0.9564127795878667  0.48703168426660465 
0.9589067872381977  0.4884648844471022  
0.9661861692574265  0.48930618706649054 
0.9760704792404039  0.49004230257090375 
0.9506170683566998  0.4911630526959736  
0.9579751329737851  0.48904899285993786 
0.967386740861047   0.49180752550159296 
0.9648488896051645  0.4905550263073567  
0.964498260026637   0.4901562525631514  
0.9687000153239536  0.4912458761984318  
0.9583054826511153  0.49158316275584285 
0.969920124519129   0.4921184159911597  
0.9635670527759288  0.4905846135906544  
0.9625908026867254  0.4864204243737542  
0.9559347981594255  0.4898032639195019  
0.9632468817242348  0.49231868123347206 
0.970743492862955   0.4923378694886678  
0.9659251444408008  0.4936932578607308  
0.9725360447251336  0.49027579463352877 
0.9497184831530857  0.48771362163289833 
0.9638482596882965  0.49001107577065517 
0.9609897365706095  0.4893353306995139  
0.9851051904377757  0.49420362197626083 
0.960472074166483   0.4890163317719322  
0.9647719563884306  0.49421005961389575 
0.9611891534770579  0.48906401981627196 
0.9584191712126434  0.4900288203347438  
0.9552974800970789  0.4906435856216399  
0.9572157663429348  0.4867372495645791  
0.9570915124713225  0.4903403058469053  
0.9471481082634111  0.48992998870524695 
0.9503281577068357  0.4894276229353739  
0.9567779437057985  0.49114293925114455 
0.9536686542669491  0.48893841739620963 
0.9725939826606929  0.4919912546858286  
0.9567649013115652  0.48949193756979925 
0.963717657607286   0.49062136277488966 
0.958596977093289   0.48869126760960835 
0.9729405352602294  0.4915036492912739  
0.9614462816729731  0.489919080774488   
0.9544095043394446  0.48971292672780875 
0.962359592367439   0.4903392629016533  
0.9697349352109584  0.49128187312700755 
0.9653980306112901  0.49029590179371235 
0.9714225545377904  0.4908581767284189  
0.9770918515805953  0.4919618445390618  
0.9486602862660438  0.486069538560774   
0.9537213445122089  0.488069033288433   
0.9712304336384486  0.49094732735114954 
0.9562217187428996  0.4893803422862243  
0.9403169489095451  0.49106550929114623 
0.9475501463895359  0.48689685769389085 
0.9694072728465863  0.4926572103388185  
0.9643458689326284  0.4906206972559397  
0.9631742397401176  0.48945642663339195 
0.9645277008288294  0.4868602774986194  
0.9646134042172587  0.48711514512573634 
0.9676352945376158  0.4899913511505771  
0.9560621609974653  0.49009048548579115 
0.9552448846302944  0.4889470211067141  
0.9573996425148005  0.4900877611292085  
0.960104944085718   0.4903040706517505  
0.9544483660199878  0.4889027243869132  
0.9611103135017856  0.48922324338191203 
0.9664405318488398  0.49098215242528226 
0.9813850419746177  0.4897751448190615  
0.9599980758716903  0.4863250896288915  
0.963145180534883   0.48940653910547766 
0.9619239158624191  0.4918321073246622  
0.9098074805911545  0.48968181658101745 
0.9502694110486096  0.4868908527989979  
0.9681088549856023  0.48962212747581335 
0.9679988071533531  0.4897932054625091  
0.9703003646987428  0.49079674448933486 
0.9741132232370249  0.49182083578867397 
0.9733819053026426  0.49266072816086304 
0.9654504747213501  0.4905132173878628  
0.9707337916703611  0.49543975239013793 
0.9496369232456762  0.4878221607170826  
0.9673523027993968  0.4902109160062203  
0.9739260317783115  0.49171121045033095 
0.9587928953839193  0.4889297062822737  
0.95011347380046    0.4870962573137739  
0.9593256506246062  0.49361192140153703 
0.9759993081444392  0.4895685327879645  
0.9636937039260174  0.49119161877587325 
0.9719988401869208  0.48921929881105725 
0.9675572872097591  0.4890792483772018  
0.9555713715316363  0.4923669076970676  
0.9582424039167547  0.49008763502275743 
0.9531879840667302  0.4906531277602158  
0.9640962459291991  0.48806527563400015 
0.9616430554296341  0.4911651843992608  
0.9656000858361928  0.48983247097619786 
0.963534400072881   0.4893750328815055  
0.948970523767958   0.48752008834929245 
0.9266205467255378  0.4886558615066502  
0.9480799262464338  0.4851207381337805  
0.9646221656532303  0.4898611823453307  
0.9699246230740718  0.49137169512843276 
0.9703649578049531  0.4894277511977528  
0.8970096797729983  0.4911428574842787  
0.9672903796256651  0.49022795699864574 
0.9794580569822053  0.4935991406921514  
0.963652301778937   0.48915235682944436 
0.9686493378029576  0.4883091684100215  
0.9607334187601984  0.48978162683785664 
0.9507688986119222  0.4890004809131773  
0.9693915039381831  0.4893428792624339  
0.967215922442242   0.4900712752392455  
0.9708851827072532  0.49066340032852596 
0.978624350670127   0.49754609287563556 
0.979835541704377   0.4954057454393692  
0.9642115660815537  0.4907005715660293  
0.9671114399929452  0.49018288205831156 
0.9347977053391068  0.4929035929627007  
0.9609372844463028  0.4904598913684253  
0.9624930887671586  0.49058573397122407 
0.9636677900108018  0.48907751927914433 
0.9638845766989851  0.4898859144542477  
0.9371600745070615  0.489657404414588   
0.9392994776685534  0.4871530349532826  
0.956580445882728   0.4891218656240406  
0.9483856179102603  0.48975878131391165 
0.9524639083391938  0.49157673207137864 
0.9520531668456235  0.48749938397219644 
0.9628538450987266  0.4911482367802747  
0.9683548100074225  0.491900250468761   
0.9662691020668426  0.49059147888970794 
0.9683313046270253  0.49064978351234195 
0.9714482135407075  0.49299805978420547 
0.9576208914727216  0.4875513779947787  
0.9553068872186996  0.4897294087372626  
0.95512553142763    0.4896854798449424  
0.9651142457122573  0.4903447325725575  
0.9618601245064717  0.48866602307737933 
0.9755399716845599  0.49317877021285034 
0.9607140907295296  0.4931084454716274  
0.9662260051130089  0.4916093074834552  
0.9614683591529568  0.48811557881542444 
0.9677187699717397  0.49120468430878217 
0.9742746979034864  0.49223118767637897 
0.9516507973070261  0.488989129090449   
0.9649892231239714  0.4889924747030374  
0.9621865959960407  0.48809689820497726 
0.9674205229978659  0.4926361362335398  
0.9745007233568601  0.49113142485000505 
0.9737154116346743  0.4933109692786167  
0.9667102849951277  0.4897032605178439  
0.9507165635057495  0.48719082689732346 
0.9681556116821076  0.489338598656268   
0.9676331067114927  0.4902272202381672  
0.9601866915225735  0.4894889861009498  
0.968771051568027   0.49181320055611966 
0.9636684101225256  0.49039006430059345 
0.9580973833693718  0.48796649771482464 
0.9555489674475472  0.4909760752364908  
0.9676064758421719  0.4898009700958193  
0.9540697384530307  0.48789473723117727 
0.9447979104065726  0.4892803244566478  
0.9599722049430764  0.48916126165612744 
0.9374492081749912  0.4863473723952468  
0.9647257524294651  0.49031082179055896 
0.9541751731753101  0.48881519008744084 
0.9576506135739722  0.4928406865432759  
0.9536436646267678  0.48855767032661956 
0.9578199245828392  0.48853340141748974 
0.9564707789459048  0.4904899058948955  
0.9576124263727781  0.4876761703311453  
0.9610479596680722  0.4931587790960691  
0.9600915872887003  0.48880415632261315 
0.9654119823073899  0.49077969365543894 
0.9696645870210956  0.4917955235907707  
0.9590422858920826  0.4895012210998684  
0.9569294799440792  0.48906482887918856 
0.9658004735774915  0.4854981240852859  
0.9544944454234848  0.48939199294774716 
0.9386693112737973  0.4896363887673267  
0.9643775354171349  0.4900663475260718  
0.9554088241566666  0.49061784008479536 
0.9555634425429457  0.4883918461516694  
0.9723125185855258  0.4908747320825792  
0.9632291059843797  0.4899761266722972  
0.9581370521623892  0.4891552703513162  
0.9625424623347687  0.48928416029979993 
0.9626588781379778  0.49056633346503986 
0.9476508747547515  0.48611286415490035 
0.9591672726123035  0.4871746300812662  
0.9587965468472589  0.48737618716418296 
0.9653167495995566  0.4926722100536725  
0.9697859947658805  0.48968767158095877 
0.948807499435124   0.4844896887807457  
0.9733789916624134  0.4880882431343151  
0.967949090800548   0.49229880462750253 
0.9534827349450582  0.4899550788062165  
0.9642327489736467  0.4900227212375622  
0.9571735049014951  0.48797103209661324 
0.9645124135722517  0.49091992337444146 
0.9589820411666381  0.48905674537396093 
0.9756161477256371  0.4919627927575111  
0.9524940172443053  0.4931077466103877  
0.9621144835403809  0.4901110698091205  
0.9645100846516116  0.492105778728814   
0.9733223084785616  0.49251639843271716 
0.9652130633067866  0.490212527297359   
0.9601175629154697  0.48895977421408554 
0.9611982477629806  0.4928643183273352  
0.9666457367240088  0.49179724361317945 
0.9429369420018403  0.4891046045332415  
0.9482039308934022  0.4871907350764989  
0.9419773239305373  0.4859526687787744  
0.9637218007480028  0.4897289773257628  
0.9568088016463602  0.48855740017780547 
0.9608224291044193  0.4891855168292787  
0.962341329269447   0.48980431119316997 
0.9517642203594501  0.49287408765734264 
0.9615250461267365  0.48908983880052237 
0.9525589571971914  0.48764834247745514 
0.9584834055657894  0.4886194452162785  
0.9657110935733461  0.4929901922599663  
0.9590922562482211  0.48780614375596004 
0.9645634653145304  0.4906459692503002  
0.9551948580864813  0.48784885713782333 
0.9543547806621479  0.4882180868169746  
0.9520654905640302  0.48848879792520083 
0.9674841283795212  0.4884430677061198  
0.9517952133149827  0.488515303908719   
0.9616783264634063  0.4900949632970215  
0.9575644312180286  0.48733112059277167 
0.9574748139447128  0.49082556685628825 
0.9581377617573053  0.4895142509186174  
0.9579928543166409  0.4887867012566721  
0.9430699941561735  0.4893858181484361  
0.9660770163486896  0.49048670489411894 
0.9664737233655194  0.49028171956628475 
0.9581084757488157  0.48913810085178067 
0.9750603102842673  0.49245962658491704 
0.9587189133599363  0.4896281744535047  
0.9595401501754138  0.49101672708099664 
0.9563496745718261  0.4899697396441104  
0.9631898121446202  0.4894888416275815  
0.9532897411320846  0.48866643024050466 
0.9632658664514604  0.4907282363534491  
0.9624591059025847  0.4894034461941321  
0.9492643401288579  0.4895128598908999  
0.962965136235738   0.49134520712029855 
0.9681412759591812  0.4923740793581741  
0.9731168882783666  0.49034309952416366 
0.9615474108754583  0.48941086304839077 
0.9656953228844558  0.49028008605502343 
0.9618160540641795  0.49008463246602674 
0.9617391333678825  0.49377140023722144 
0.9648011689261271  0.48973318332553933 
0.954750866993604   0.49118395793018793 
0.9612590559474959  0.4909729577185647  
0.9717004349068746  0.4901217963128413  
0.9562192994030386  0.4882353482287787  
0.9576031711766617  0.48792188836339895 
0.953940664691105   0.4893703562757211  
0.9700259793589263  0.48751817182359136 
0.9574830228375457  0.48876780731002517 
0.952052138853073   0.48934487411043087 
0.9623491337215818  0.49011370208680916 
0.9534588215831927  0.48886260499050826 
0.9610507038830174  0.4896692327678736  
0.9683963391317886  0.491103936936103   
0.956429423679187   0.49092302342838284 
0.9479253294766384  0.48875581522062006 
0.9605473367289791  0.48999321848483807 
0.9779827868489228  0.4902406094755128  
0.9595835592211335  0.48837341037259935 
0.945721852963911   0.4875011258432613  
0.9602393086642516  0.490823543692608   
0.9670310763114142  0.4898964250326464  
0.9615444752861053  0.4897900911087976  
0.9640309173818327  0.49104655601737524 
0.9471684697285523  0.48722756949420853 
0.9632977010567019  0.491018628088948   
0.974197963777561   0.49178846411982496 
0.9898150767119992  0.49189737697605723 
0.9618852148974977  0.4905171256163497  
0.953720966715181   0.4904271983451918  
0.9701250272887101  0.4914817997189146  
0.9644238731827436  0.48978731626529387 
0.9573822828588521  0.49088479633561244 
0.9633151102938318  0.48855399064780025 
0.9580470100865791  0.4871393286252654  
0.9486955056852973  0.49288268316581874 
0.9726810864992546  0.4907073548478911  
0.9613027617810014  0.49155007676718543 
0.9470999076793154  0.48810403913803274 
0.9635291964217859  0.4918287192111181  
0.9493602956298862  0.4908232529931709  
0.9496444174752666  0.48685978361683463 
0.9644892663460842  0.4924322854285991  
0.9559251112918489  0.49286945870988425 
0.9601594632574372  0.4898715263683011  
0.9474166049741314  0.4904650123057904  
0.957819502285085   0.48749555746260276 
0.9659110609385076  0.49082223289030813 
0.9607592652326665  0.4914183344005118  
0.9557870077728505  0.4899502992684646  
0.9654595237572228  0.4891879405712433  
0.9621306933070617  0.492160295053765   
0.9450742676513374  0.4914669712478455  
0.9645389605179967  0.48974667454503695 
0.9608305981185764  0.48900860059382745 
0.9562417605760286  0.4897322301218375  
0.9468650964359692  0.4888373412135535  
0.92116260638362    0.48835049915670875 
0.9658866595949852  0.4932502624568258  
0.9582960930547144  0.4878899211359431  
0.955704636938675   0.49185922986961406 
0.9596090715105942  0.48936605726795235 
0.9652762601833262  0.49040531461616127 
0.9628706852630955  0.4917114684662347  
0.9603132178238001  0.4920758812734757  
0.9568004706061202  0.49046491114203944 
0.9697960591529419  0.4922632340512316  
0.967609903325498   0.49093969896917156 
0.9693513079738229  0.4935517248573393  
0.9664026180981249  0.4899395655076934  
0.9487116286276583  0.48761687852170993 
0.9700124881510472  0.4913848791841937  
0.9360719353173073  0.48766843577764696 
0.9307899751371158  0.48760212410676795 
0.949378468022208   0.48967517130229704 
0.9625482019979476  0.4903876357797613  
0.95790274482953    0.4891044460703422  
0.9687564401342212  0.49238897537375714 
0.9572824429611226  0.4895102746468959  
0.9493187198751366  0.49155195658827205 
0.9582104744754414  0.48953279001593786 
0.9613110521176744  0.4906967546127226  
0.9667301995571658  0.4928696257278216  
0.9624076489843184  0.4880119866922987  
0.9654229392516351  0.49018774325412856 
0.9741162412777313  0.4929312896060573  
0.9636983446081784  0.48482812936409037 
0.9641179236919609  0.4906077338552024  
0.9628096299018102  0.4882540813544419  
0.9649737887298822  0.49026711546922036 
0.9601259882805319  0.49066035098143557 
0.9623872884746546  0.48851966842885575 
0.9670687510830626  0.4898627171169077  
0.9551279001865915  0.48973264108687253 
0.9750091036101581  0.4916720481363408  
0.9531046735033215  0.48754142792897026 
0.9644191544161976  0.4901336124740144  
0.9437290370323166  0.4882488086245176  
0.9601900953924105  0.4919253561431425  
0.9391722936728105  0.4879230536919169  
0.9569729776265011  0.48924962482151835 
0.9602903802534523  0.48969258177301567 
0.9638968114843566  0.49227047883257347 
0.9580850655107508  0.48785098548707095 
0.961956637148675   0.4911606172702754  
0.9666812613290868  0.49124610675515323 
0.9713500873019966  0.4903978614418822  
0.9560142610372152  0.4910448540371652  
0.9444938418735521  0.48999487122982965 
0.95356140573037    0.4890140317347841  
0.955905373173942   0.487125978184127   
0.9623452608151545  0.49076793388306844 
0.9420065330932913  0.49151771132666255 
0.9624807845470587  0.49143240273272204 
0.9560798407918364  0.48628013117213353 
0.9685830414565979  0.49351672790693735 
0.9534444880447535  0.48713654270771334 
0.9795207276220479  0.4935548690303177  
0.9335096482390831  0.4820700984283024  
0.906261037433477   0.48889815303911555 
0.9595264781025888  0.48940664544914325 
0.9468164972433442  0.4867672055515664  
0.9587325055314947  0.48734562183187485 
0.9534354776302617  0.49022156890529456 
0.9665905717560734  0.49405877102736095 
0.9610684469074934  0.4924567004718055  
0.9644923457699311  0.49304426295723663 
0.9429849831197866  0.48542832971370775 
0.9474730859996112  0.49136872507036206 
0.9456028426880435  0.48463871726239294 
0.9627154861336762  0.48874686498254033 
0.9672614573038748  0.4924004440924572  
0.9730899683725545  0.4906185429718482  
0.9652323039725298  0.4915601552593965  
0.9517141604084524  0.4866646894814051  
0.9706777997170613  0.4903801964691419  
0.9630469949919017  0.4903371294981831  
0.9386133753356286  0.4884668779679938  
0.954891064535159   0.4913293281802143  
0.9415632956256617  0.48938356350487605 
0.9589199557408103  0.4898732441387994  
0.9664032399381653  0.49020001969699833 
0.953222411455644   0.4873140102777387  
0.9548473981374657  0.4873578403539924  
0.9753372755812079  0.489259888522507   
0.9536249980555805  0.48697628477788485 
0.9555135182188357  0.48849500483103336 
0.9597266717574935  0.4882237110669782  
0.955635558460777   0.48905241415743794 
0.9572776761181739  0.48947608034763274 
0.957392838307809   0.4892649176296612  
0.9483078736792306  0.49363409188704144 
0.958033160640625   0.49126426082123004 
0.9670101062652077  0.4928137354824474  
0.9468214438038977  0.4889576157263702  
0.9622341325903634  0.4903840592141006  
0.954366462565064   0.4891161946589224  
0.9628941893781758  0.4905079985330751  
0.9530186483856725  0.488738194236391   
0.9581532910451648  0.49073760308548925 
0.9620053411978474  0.49107837169318747 
0.9756587576367651  0.49190096258509747 
0.9661611656891184  0.4885291950742618  
0.9637978896624572  0.4899178442655846  
0.9527599921657351  0.4894676606834685  
0.9558979565886251  0.4881387225899283  
0.9668938673011955  0.48799595250219013 
0.9728931151294227  0.4911412394445933  
0.9737825584157542  0.49226102765043117 
0.9586402536469287  0.48782017651849635 
0.9641948509058462  0.4889417991598782  
0.9705606267879844  0.4896207527758894  
0.9570586958829569  0.48827809642063713 
0.9460496733641434  0.4873570025140783  
0.9489969819984578  0.486914041557886   
0.9573259576108424  0.48738079997389294 
0.9582131519632174  0.48683841503190023 
0.9539900729121802  0.48992177502907036 
0.9584366815273662  0.4924962990044135  
0.9650493609062862  0.491705235058089   
0.9583933143474445  0.4889180638271876  
0.9449977549557768  0.48924031555549863 
0.9651339489202687  0.4896934711881679  
0.9440279268572112  0.48547816883339656 
0.9454566689365594  0.48531472639230744 
0.9588938275471266  0.49098263523752367 
0.9693207669346495  0.490046679600197   
0.9652858704568386  0.48729942838352774 
0.9563813042978833  0.4892230741197393  
0.9567383040092272  0.49178032332695976 
0.9607891454019879  0.4885877994219686  
0.9584624674969275  0.4899660403213975  
0.9590380756921646  0.49168915919959305 
0.9169078166389476  0.48640129007638405 
0.9717035878717729  0.49166721485773285 
0.9558556004123027  0.48752379076989427 
0.9606209496964048  0.49121029046663484 
0.9663082377343187  0.49078769120961213 
0.9590813994887902  0.4892031324123477  
0.9534509873021104  0.4892558770600896  
0.9589891942899698  0.4883925712668336  
0.9593945057944469  0.4890026483609559  
0.9477773650889553  0.48815472719611447 
0.9737359808903855  0.4916279882487712  
0.9596261087662896  0.4905661341831888  
0.9630598011265649  0.49104571931755786 
0.9493224433548377  0.4886135136431243  
0.9713068232392894  0.4919472171158439  
0.9715745328362669  0.4901728303284923  
0.9682253262419952  0.4910312056550036  
0.9674611870455975  0.491363483441681   
0.9649928159891513  0.4902157466087184  
0.9636156281389381  0.4909959489394062  
0.9624493943500085  0.4897488530234228  
0.9670308574160021  0.49080263571692506 
0.9684376545068717  0.49185218935775865 
0.9650576473558606  0.4922403792927823  
0.9689836525824885  0.490587156473268   
0.9584011566245765  0.4899709128142077  
0.9566641284896046  0.49287286556721077 
0.9765128766201073  0.4936558139496936  
0.955492654773914   0.49079811390292827 
0.9586589401820647  0.4896870937677795  
0.9769739737010102  0.492352632558848   
0.9679483168576836  0.49134424910797786 
0.9323521015119199  0.4868809318633629  
0.9649050319304417  0.4904705058405098  
0.9508811258937816  0.4869603868475228  
0.9579789523487573  0.48959731872483486 
0.9547460637017787  0.488433509156305   
0.9571020025564938  0.48987612142016707 
0.9749449027035565  0.49497494188962243 
0.9384038664231253  0.48858786689722705 
0.9667300296402787  0.49148277195263373 
0.9713104214780048  0.49093253439386864 
0.9644397971369687  0.48959891207639444 
0.9545611784677227  0.49461565064062707 
0.9577493134920437  0.49128581027949275 
0.9542634851689968  0.489417201835185   
0.9634421405002446  0.4904470330766397  
0.9630780682063219  0.4901715396847662  
0.9582695909684583  0.4878472795452807  
0.9665110124976685  0.4904151823168073  
0.9675353304370573  0.48840762067659654 
0.957165693945277   0.4914690727718223  
0.9592599783397918  0.49083219848215576 
0.9599584350509738  0.490893920359676   
0.9650410488756447  0.4867427946810265  
0.9655498316918534  0.4900922188805142  
0.9656874163524415  0.4908633299270302  
0.9627576009539259  0.49159226983444454 
0.9658023584247466  0.49199284520181086 
0.9736839575768447  0.49005896899929186 
0.9567303983221487  0.49016776715370824 
0.9731188810237787  0.4950236556914055  
0.9696865913547618  0.49171605715699185 
0.9758952360167216  0.4927072876578335  
0.9665626362317977  0.4908360710301999  
0.9527922744193529  0.4898021828900859  
0.9250072238486079  0.4911812161262081  
0.960968336554938   0.487831082431608   
0.9651196729599901  0.48966652245061354 
0.9579001798121549  0.48875951633869724 
0.9590544105751779  0.4880499284233346  
0.9676527400122416  0.491709930992239   
0.9581242732378997  0.48811602082779626 
0.9635002692274746  0.48902498920841203 
0.959207630649077   0.48841565920971153 
0.9538983423953329  0.48682056182351247 
0.9599423994067736  0.4900853596823106  
0.9491056631236506  0.490416311962471   
0.9302673320450634  0.4862278666881258  
0.9487149638496809  0.4851915537091656  
0.9619174851600562  0.4891999911167243  
0.9556185718001021  0.4881719589445165  
0.974490886765073   0.4911615282845543  
0.9482883970636864  0.48783501042555577 
0.964076714865694   0.4877540188758813  
0.9683220939901416  0.4900058657082743  
0.9721216964919057  0.49093444402286046 
0.9265781522244284  0.4915986539644309  
0.96774736379818    0.4893756169065287  
0.960700463425825   0.4883880972175813  
0.9634680938574212  0.4891378611079948  
0.9509844368829579  0.49742384598668327 
0.9540084106560441  0.48849188628495016 
0.9707889897984402  0.49176648278270796 
0.9663955125256563  0.4914277542846241  
0.9582201110876752  0.4892223232663269  
0.9521451518835717  0.48929242406690726 
0.9646841916960526  0.492048963731506   
0.9597849676361719  0.489177298717135   
0.9526143545328423  0.4863706909332147  
0.9640528883489118  0.4892006888551363  
0.9542044797289896  0.4896525938404906  
0.9403311669435997  0.48414011747150754 
0.9550116360975408  0.4887553470877683  
0.9619727807918254  0.490136478148666   
0.9738767783001034  0.4931551311378063  
0.9386727564291852  0.4897583044572969  
0.9792913625025107  0.4933113011317494  
0.9652961955630674  0.48997273974506866 
0.9663006345670122  0.49068836136048083 
0.9513207555332991  0.48682668800704654 
0.9703857341389301  0.4900092001478527  
0.9547575976043614  0.4879414268698564  
0.9537273285649108  0.484565879145883   
0.9331156645069356  0.4907812295670576  
0.9665824523443565  0.4884927780818796  
0.9565993924383487  0.4889768151080991  
0.9707444169234221  0.4905357594586703  
0.9735917817407994  0.4922498563241219  
0.9600600229483285  0.4906112250299064  
0.9595271112238036  0.49079305771281656 
0.957473746741367   0.49015067451846084 
0.962934087136434   0.4899645032026697  
0.9598420612308975  0.49065684767659484 
0.949516287355146   0.48952800918909417 
0.9628581901774618  0.4890600690248382  
0.9658425125349728  0.4944280720073925  
0.9640968654189996  0.4913975836550139  
0.9618947817144328  0.49353952734886564 
0.9662132406371727  0.4918447724519191  
0.9604343570639027  0.4895061176527503  
0.954776937117589   0.491736174360298   
0.9558246351547043  0.4915149725458537  
0.9633881757541056  0.48965040843257945 
0.9596983149602194  0.4894080998261975  
0.9804156319959063  0.49520930613203    
0.9669183193461103  0.4905114719366068  
0.9533185160603634  0.48944026282090347 
0.9661091536041442  0.4896038330572803  
0.9716400816767082  0.4926571712234207  
0.959545591891965   0.4919661283696089  
0.962983579559985   0.49161704430405045 
0.9669909808888311  0.49236441484771315 
0.9601808324058844  0.4903038961618252  
0.9533693577826486  0.48961730551542804 
0.9744695950090643  0.49150228435727394 
0.9605986450913018  0.4887284527725765  
0.9731496634396447  0.49108930851071597 
0.9495331853213855  0.48992042355211457 
0.9628629984564537  0.49131593589110667 
0.9670238927209631  0.49245089030786227 
0.9583792865834873  0.48992870900457863 
0.9584555176937523  0.48912681078141534 
0.9546850798200549  0.48925094043914846 
0.9386508553059747  0.48480419709208467 
0.9409833826873285  0.4924987163133339  
0.9690067493197564  0.49116407469930234 
0.9561070611088345  0.4891148496478167  
0.9671158510271701  0.4880741017359329  
0.9656998106122126  0.48937428213613815 
