0.9952035057352062  0.4964781559787045  
0.9952337600398549  0.4959496951530647  
0.9919341535700134  0.495211171773152   
0.9988485753610566  0.49842954789397637 
0.9953593286847706  0.4955340386755244  
0.9964121499043801  0.4964127691908274  
0.9957022364188033  0.4953088369928194  
0.993723299437286   0.4952199558961367  
0.9945520667114204  0.495280120002665   
0.9946383361600108  0.4959723501778473  
0.9962246713946042  0.4967731511826703  
0.996975652944111   0.4974959642492123  
0.9932533204533491  0.4947187660117131  
0.9942407369182323  0.49376180854468354 
0.9940071362385916  0.49583946906733845 
0.9959185512038792  0.49693259786688954 
0.9958473804567093  0.4955870279733595  
0.9936827416453843  0.4945991344429367  
0.997921619918404   0.4965830089742462  
0.9928875651040445  0.4945710980263878  
0.9963507317314072  0.49914908365409827 
1.9398197043239886  0.10496990541124218 
0.9937288458862308  0.49658345292012224 
0.9929166027757699  0.4955340971867228  
0.9935562319490114  0.49456333350751636 
0.9957615247816076  0.4969979675049347  
0.9900699527133862  0.4958482052851402  
0.9935037930042189  0.49688939556577616 
0.9956945478212486  0.49840986324047476 
0.9945246398072406  0.4973187000337151  
0.9918361014135427  0.49455730835759104 
0.9927019133612085  0.4942154425083383  
0.9956168706743891  0.4959510340916774  
0.9930900825721531  0.49409013567024745 
0.9930393994756418  0.49467670603191616 
0.9945031164962946  0.49617455688033674 
0.9957573222895293  0.49716259445599337 
0.9942500904982391  0.4947901045414371  
0.9946204999768915  0.4952927186970253  
0.9965415201078558  0.49529277078976297 
0.9956119954834306  0.4977288345369774  
0.997943132167343   0.4960209812663346  
0.9945328862425828  0.4950552199100825  
0.9945007125119073  0.49650557310132437 
0.9944817574181859  0.49630530174453846 
0.9926488393802553  0.495661008331803   
0.9941365888813795  0.4958278647593681  
0.9926009979862634  0.49503441067177845 
0.9939405032411467  0.4947423777882016  
0.9960551237251194  0.49653094641873396 
0.992092041108915   0.4938862897029085  
0.9948552803471403  0.4957317169363129  
0.9970359504228922  0.4960278037569567  
0.992627383316818   0.49477152936481783 
0.997863778116636   0.49831916390988806 
0.9939827400798509  0.4956404611681614  
0.9899182827779807  0.4936911014364138  
0.994229220900215   0.49496087847806186 
1.9312640661491187  0.9881982429404655  
0.9948420226788742  0.49485810881537784 
1.9312640661491187  0.9881982429404655  
0.9988568140649322  0.49638136851860176 
0.9900598950639197  0.49355097201473075 
0.9972080062223814  0.49793319852600787 
0.9950725678249598  0.4963402671132132  
0.9942421408558857  0.4951454569074101  
0.9939957691723312  0.49507746792558743 
0.9916301001556369  0.493979800379066   
0.9923146081636955  0.4943486149127796  
1.9398197043239886  0.10496990541124218 
0.9967225102603129  0.4974017092573991  
0.9936690655321895  0.4957152753061952  
0.9935878418141038  0.49524463124241425 
0.9941284855773969  0.4954582027651005  
0.9945848881573446  0.49558654457372303 
0.9959857024329749  0.4943220459789926  
0.9926611781115987  0.4937307998604684  
0.9987606815703018  0.4998446852200168  
0.9957226813187016  0.49775791539221775 
0.994851338445858   0.4963033918595145  
0.9943994132307524  0.4950293310341104  
0.9922480960614647  0.49528246637335194 
0.9973124563693426  0.4969851044777035  
0.9948160339782354  0.49673128952655105 
0.9950091043975676  0.49441982152200303 
0.9953463473842471  0.4968232315005571  
0.9958143789827686  0.49585038937295184 
0.991211750565403   0.4949980427499227  
0.9952523829055026  0.49456210138538215 
0.9943220929153935  0.4962055544364147  
0.9938959791378852  0.4941576607354112  
0.9936049475217741  0.4942962728006373  
0.9949571580281612  0.49601702360713495 
0.9953594483654359  0.4952694376848006  
0.9897895751538607  0.49220405130538225 
0.9959322203304104  0.49486220316617824 
0.9937762763721113  0.4950332125183606  
0.9887707508937108  0.4922304904249985  
0.9952394674211531  0.497592492631317   
0.9930590687866753  0.49559060048178155 
0.996890704363912   0.4970447383971302  
0.992523581414205   0.49452359426155895 
0.9945146725004261  0.4947064026551032  
0.9950551715752961  0.4968741447765547  
0.9942955076696481  0.4950279013766313  
0.9931692198738927  0.49363175011715943 
0.9961911475055018  0.4961530636345792  
0.9922223027928173  0.49453083226924804 
0.9941956713503678  0.4952594993808297  
0.9941680654345378  0.49580320811336975 
0.9919089376959953  0.4931416397614755  
0.9945969984127939  0.4960243838272573  
0.9962292245344895  0.49750814530757465 
0.9924681451527038  0.4951889777952684  
0.9940000231045029  0.49714058019635504 
0.9950743717620004  0.49628894655393346 
0.9942028633848595  0.49452074009263924 
0.9914047517107553  0.49419601263563456 
0.9937341513862711  0.4950953851734028  
0.9950267980661454  0.49677111279086605 
0.9942705892397704  0.4951531771902805  
0.9969930684355887  0.497550179461315   
0.9952850660078915  0.4964002810908534  
0.9938211696717086  0.49485902366236006 
0.9952026600291961  0.49456979311951355 
0.9962003521398801  0.497125475518731   
0.9937913456862457  0.49543086174898526 
0.9948304290294689  0.49455894085227264 
0.9950661412436587  0.49558899926433275 
0.9949528970734103  0.49499781999646314 
0.9915848673726481  0.49480197508750257 
0.9944048815320805  0.49481935923066855 
0.9967835429174593  0.4959368609031574  
0.9941742488988623  0.495925384936187   
0.9960880584712611  0.4981472833339474  
0.9942720130470708  0.4954403186532852  
0.9940886133908889  0.4934907922625043  
0.9955740275931426  0.49616497811800153 
0.9934691508437394  0.496970359419022   
0.9944632246141476  0.4956222976309728  
0.9928066225448727  0.4955690496769418  
0.9958299664748745  0.4964975848881759  
0.9952931083606918  0.49558406015598483 
0.9916297233288777  0.4945450763812612  
0.9960019841055973  0.49472481849260297 
0.9937395491726346  0.49587400624512695 
0.9952864996401939  0.49617685171218906 
0.9944576905979178  0.4952799128578122  
1.9312640661491187  0.9881982429404655  
0.9945313011251248  0.495248757574706   
0.994210388439464   0.49513723935966625 
0.9946028228084621  0.49585230817230663 
1.9398197043239886  0.10496990541124218 
0.9960704146646965  0.4974193053672128  
0.9946811492097938  0.4943913644741703  
0.9940517200750233  0.4941880098566742  
0.9935920547709126  0.49466114993888066 
0.9926909036624942  0.4928730853198196  
0.9950854418792032  0.4953900860807559  
0.9955635368824823  0.49556267852158054 
0.9974730638095017  0.4961685744175115  
0.9945293673994092  0.4958287591272097  
0.994384556515328   0.49575594494820885 
1.9398197043239886  0.10496990541124218 
0.9955827891281256  0.4962445124006116  
0.9942178345809475  0.49613848902599605 
0.9954459946908442  0.4955526331092572  
0.994313089743934   0.49404201668232445 
0.9949918094841022  0.4960801980245515  
0.9959620197944262  0.4977406406517581  
0.9952066137203541  0.4940050249826346  
0.9969643807919852  0.4956283690208446  
0.9936048671618932  0.49276956167916897 
0.9926419614538979  0.49634691148999366 
0.9942799766593872  0.49614413389927525 
0.9960734888016471  0.49489461588027206 
0.9983654415735324  0.49889638101414474 
0.9926454117479723  0.4955829732116412  
0.9938752805962335  0.4959869275063408  
0.9951263107531393  0.4968944348121106  
0.993700545568947   0.49537552848262656 
0.9936997603222162  0.49591189266286984 
0.9947645505746433  0.4970487230611589  
0.9923264160559664  0.4939236765117178  
0.9939181965254245  0.49589486947553796 
0.9939748943871987  0.49525080670509325 
0.9962829446700394  0.4956320490672268  
0.9968712153377316  0.4965980531679127  
0.9948951816030913  0.49448555700596114 
0.9972039100789443  0.4962124956663538  
0.9965542284676038  0.4955166322848744  
0.9937819254433532  0.4949760668732365  
0.9923258895992915  0.4936268009371746  
0.9966849415211426  0.49709364304497183 
0.9962099446248428  0.4962398522006822  
0.9936607111245153  0.4956573827896126  
0.9935370461555592  0.49491891364427804 
0.995463634488397   0.49688381356577055 
0.9943767080171059  0.4949975166165224  
0.9942154563369814  0.495023948009371   
0.9943187815771999  0.4944642672403576  
0.9964780211364032  0.4966464490435111  
0.9905654885224341  0.49257303095521277 
0.9951924242909969  0.49593175510260207 
0.9952543734931167  0.49560666595181857 
0.991177291654612   0.4948055661645835  
0.9940002251175233  0.4959582386539894  
0.9934970719591086  0.49466307393922165 
0.9973600826247104  0.4985092525013436  
0.9954700939899858  0.49738146634283564 
0.9947154511305323  0.4950372723286195  
0.9961187087202091  0.49494082076461077 
0.9945190861147831  0.4945240705646231  
0.992841594361682   0.4940608733911285  
0.9931569398184927  0.49467476215728107 
0.9950249487742832  0.49490781936265027 
0.9956214741501394  0.4961098172217902  
1.9398197043239886  0.13094966900369656 
0.994591508984042   0.4963034670809136  
1.9014286128198323  0.13094966900369656 
0.9952657093702729  0.4949141525617493  
0.9949300481731223  0.49462698633597557 
0.9944066059609165  0.4965469499091052  
0.9935821408851487  0.49637369366271716 
0.9950298972575384  0.4954587471641484  
0.9942268425015144  0.49654848520117567 
0.9932112958318067  0.4957150874305733  
0.9974190277016881  0.4972473004008498  
0.9971624913756882  0.49592802967616473 
0.9935521741881728  0.49365028746133055 
0.992269394235447   0.49358822405383984 
0.9974060180697791  0.4962065684530466  
0.9940303612741188  0.49476391934923397 
0.9938718110278677  0.4933493282855752  
0.9981690630349499  0.4977095052946609  
0.993342429583059   0.4947423585601885  
0.9969468201838989  0.49443728711606927 
0.9959050711965692  0.49625298039894394 
0.9948280722739176  0.4957877630281144  
0.9962967317302905  0.4963088972817119  
0.999758214346395   0.49880852979580825 
0.9951160770809852  0.49665690889890507 
0.994410592820041   0.49702174967596896 
0.9939588739203923  0.4955888142218402  
0.9946933654269217  0.49460533690600633 
0.9947207409597516  0.49635477338553735 
0.992982329138486   0.4925756152979117  
0.9927072845448126  0.4937196012806549  
0.9935970665080152  0.49508263105250744 
0.9952192058507149  0.4976088615777518  
0.9919106167928549  0.4936734312347459  
0.992474469643555   0.49359682495691953 
0.9958037079643286  0.4968086947526201  
0.9939760884962978  0.49460367048754955 
0.9970360835475387  0.4977822505881774  
0.9965470734263285  0.49582348943692034 
0.9935151038666655  0.4941063408958196  
0.9963496753430049  0.4972673207311866  
0.996865175195367   0.49597091741760013 
0.9944558305454337  0.4957839717901078  
0.9930285248337903  0.4950304505376944  
0.9944370595012348  0.49560345683464735 
1.9312640661491187  0.9881982429404655  
0.9942209853248074  0.4935676541615003  
0.9965201319696763  0.4963545570471791  
0.9954245765455929  0.49558872679246085 
1.9312640661491187  0.9881982429404655  
0.9937740580957584  0.49520152983982385 
0.9966363292799624  0.49629795758017425 
0.9952600790303515  0.4957493191272393  
0.9946128341636055  0.49646575335457327 
0.9920674162633976  0.493889830532151   
0.991646053802198   0.4934857078781274  
0.9943646542407368  0.4948376936785678  
0.9943627430970512  0.49578464859663784 
0.9944620396083994  0.494246432391203   
0.9956062732740525  0.49585533944909027 
0.9937066908298048  0.4946608072667596  
0.9932746263762642  0.49690406909492507 
0.9943323792903962  0.4943328048123436  
0.9957366983220812  0.49581016849406684 
0.9939731541105681  0.49576256046326955 
0.9947137769776498  0.49579495045287747 
0.9932879605569113  0.4947043210283503  
0.9925965968693276  0.4948921655149912  
0.9919133546664117  0.49412763480328015 
0.995292633769299   0.4950876294819998  
0.9977258274344686  0.4963227013374065  
0.9907036651753787  0.4930655506186979  
0.994020031517079   0.49601840026859234 
0.9952784583782344  0.49667512562869065 
0.9928874667723468  0.49484405865827585 
0.9926093486488827  0.4946713809477245  
0.9927651755982217  0.4939336329887367  
0.99460079854633    0.4955485716128512  
0.9968768569242077  0.49683899698721745 
0.9964688600851928  0.4962803269187387  
0.9948924771102831  0.49478085340271594 
0.9946148323684578  0.4961147536342857  
0.9917755421399086  0.49310585906736537 
0.9936577329089491  0.49459964851491095 
0.9969062964277213  0.4963024150577364  
0.9923861186202747  0.4952693288650954  
0.9962280690662825  0.4952028287898929  
0.9922315182345922  0.49459071039070973 
0.9953279204564199  0.4970678058455099  
0.9939270317817471  0.4940687597954612  
0.9961549309431671  0.4966816764921498  
0.9963468610241181  0.4954112092245787  
0.9946072417416139  0.49522231819536033 
0.9985473088146892  0.4977972282736944  
0.9954985081117372  0.4981341255781401  
0.9982067935067911  0.4987423686660703  
0.9971325081297626  0.4978993437292532  
0.9946054743725994  0.4954339710138918  
0.9947505660558356  0.49500243769860297 
0.9946970229658906  0.4961804967468585  
0.9965607193820933  0.49836614346385677 
0.9949400840841331  0.4956965820628849  
0.9971613054940272  0.4985617544180228  
0.9937589468230257  0.4950166752285041  
0.9961146519390516  0.49714814127980883 
0.9934288863509417  0.49383751652313695 
0.9962843485748023  0.4964190273744517  
1.9398197043239886  0.13094966900369656 
0.9965155936091588  0.4967365024595515  
0.9933392155859018  0.4946615657674787  
0.9950974898428543  0.49469594759894564 
0.9947188199011351  0.4936761835119921  
0.9936881611268872  0.4938341487164417  
0.9948812871764682  0.49663945435080276 
0.9972769912364887  0.49775410856186575 
0.9927634292189738  0.4956585856277832  
0.9935927092771429  0.4943799745566116  
0.9973495885402841  0.4986668281953956  
0.9931318558824951  0.4961130655349308  
0.9915711234048031  0.4936751051455103  
0.9951363509035176  0.4944959067201544  
1.9312640661491187  0.10496990541124218 
0.9955490824696641  0.49627931362629213 
0.9963215965807639  0.49393270790280797 
0.9945306466179847  0.4985672683084843  
0.9941044553713408  0.49377612970768975 
0.9956393953489128  0.4942211272535665  
0.9934350055731785  0.4959150195939962  
0.9966317087080142  0.4976645160798871  
0.9941170354058037  0.49461276464583626 
0.9919558474733282  0.4941692920190773  
0.9930062785994949  0.4944776998315876  
0.9936917252422522  0.49735850016026584 
0.9958413529095603  0.4981613677754543  
0.9954020448166357  0.49589589110084253 
0.9958866622917014  0.4968862928022224  
0.9945678030423438  0.4944723694655737  
0.9965440325625128  0.4965320703038355  
0.9948915534667995  0.49669028816086164 
0.9933358066118358  0.4951139786599903  
1.9312640661491187  0.9726261649881027  
0.9965241267446704  0.4974923282666345  
0.9956561032448629  0.49642282105160823 
1.9312640661491187  0.9881982429404655  
0.9924125897967059  0.49757046277700334 
0.9945707512544354  0.49755628810717273 
0.9976420879688465  0.4981260164345448  
0.9942413049790693  0.49626381695245    
0.9968279577938692  0.49883152768486394 
0.9954428969959613  0.4955901222055771  
0.9946077765342275  0.4942491312795416  
0.9941927304735898  0.4957998897926262  
0.9950888122564393  0.49737676936447267 
0.9936663737343359  0.49626578670461774 
0.991087102828824   0.49389220994113364 
0.9960978413856495  0.49544228485425523 
0.9949999168545003  0.4956850623022623  
0.9943242967665583  0.49632283899325935 
0.995155813685546   0.49557206937843024 
1.9398197043239886  0.13094966900369656 
0.9963198782938246  0.49632253597091025 
0.9955577630718832  0.4973116206893047  
0.994443151457476   0.49546702298412204 
0.9938472199430689  0.4946545893494112  
0.9957856696810385  0.4969210057447305  
0.9944987540178769  0.49748731960753884 
0.9947012023352534  0.49457773811869316 
0.9949254690509596  0.4958919316641161  
0.9950731564763576  0.49523828990762914 
0.9923352914152465  0.4940168896007281  
0.9950584287013831  0.4951539508493611  
0.9932613579434153  0.49374835061411537 
0.9941690772219394  0.49714593564747345 
0.9942290497988233  0.49555482605410683 
0.9934188556312855  0.49489885517003485 
0.993240990173423   0.49542974405667417 
0.9969458878469373  0.4957140522785875  
0.9947451673244474  0.4946509147426777  
0.9919786754610129  0.49362156379513683 
0.9926618019487486  0.49407500570586604 
0.9950265053940125  0.49519980466118335 
0.9947187628242962  0.4932679652966052  
0.9958681790948151  0.49658932551127866 
0.9963275491779657  0.49586639084347683 
0.9954151127785754  0.49610884758323304 
0.9932487215174555  0.4948082090757614  
0.9963214106468679  0.4964301998078573  
0.9947842322409405  0.4955294257288993  
0.9952127714715764  0.49665660909710435 
0.9958677591978666  0.49640736898600374 
0.9941832623610899  0.4952818169261387  
0.9903677404105468  0.493753873701704   
0.9953718486384473  0.4961309843632015  
0.9956607124772673  0.4964090141128973  
0.996541196866288   0.49595219724909034 
0.9970233178671688  0.4984461677261844  
0.9944920836740201  0.494059824120894   
0.9945418490433889  0.4947162468486784  
0.9947561599606771  0.4956681676958258  
0.9928565341347932  0.49382062686472755 
0.9963286826219657  0.49682409322504173 
0.9938639688330393  0.4955937643824743  
0.9960899679268986  0.49834998784956763 
0.9948582234433135  0.4940591206990055  
0.9954583866071657  0.49527642342104167 
0.997020808128712   0.4969266804992684  
0.9952631886707446  0.49378152702875583 
0.9946748452382196  0.49569274508585054 
0.9974521097953476  0.4972587834331807  
0.9962212120013478  0.4965558126572151  
0.9951123329438754  0.4970862821889299  
0.9939967093118945  0.49544745257220596 
0.9956659816024778  0.49551748657923556 
0.9942500131963297  0.495581276809168   
0.9952651521164841  0.4961621902765585  
0.9933590728863565  0.4951164611366301  
0.9952662274330957  0.4962112699088422  
0.9932447008223185  0.494368150597626   
0.9923731831029526  0.49616452143431267 
0.9955413023303863  0.49533014378355367 
0.9957103767019853  0.4947717623750539  
0.993947117206401   0.4953100762841914  
0.9958519090035791  0.49604770205069343 
0.9954195137299668  0.49428280136389036 
0.9924922493355669  0.49344225159794275 
0.9921968405517301  0.4937040825507206  
0.9953075150477455  0.4951373651492682  
0.9937258082994095  0.4958243482424504  
0.9945257603572898  0.4985235059635391  
0.9931165327366118  0.494285060074916   
0.9958288009580379  0.4972762706024372  
0.9939353825226713  0.49561202022137885 
0.9952338893745095  0.49489482398602935 
1.9312640661491187  0.9881982429404655  
0.9927323758319687  0.49336331592204835 
0.997352038117863   0.49606663699456793 
0.99776673439134    0.4964278496253829  
0.9936024293699759  0.49560684778464825 
0.9955053528464461  0.4957565715389734  
0.9944755732135737  0.49588533179384264 
0.9949501447127883  0.4956461373943777  
0.9925440372776286  0.4944369343735813  
0.9955764114858499  0.49608038105979113 
0.9954342382704429  0.4937571386362095  
0.9901468474147344  0.4931341804653096  
0.9949430311015902  0.494839499515807   
0.995781922222197   0.4966598881298819  
0.9966767113881791  0.4990611955439765  
0.9941292827452333  0.49497009294338135 
0.9936029132593273  0.4955029036052979  
0.993200377582985   0.4934007091034203  
0.9958971438929926  0.494490337241412   
0.9951622757689095  0.49563658787216663 
0.9964767382447465  0.4966616760971825  
0.995000498022683   0.49522832009697715 
0.9968123225757543  0.49869678164914444 
0.9914526634168306  0.4942032874216557  
0.9956012004485844  0.49512666182353715 
0.9948767607150001  0.49606521467876274 
0.9943076323468382  0.4944761852197232  
0.991942632750788   0.4947172190240378  
0.9998895538126635  0.49919243157216175 
0.9909353821736069  0.49377080137325796 
0.9953886044738262  0.49640770128055695 
0.9944241244488526  0.49524120356791035 
0.9956554377195896  0.49446017227407496 
0.9964413608578305  0.49889679055868763 
0.9951176941859169  0.4968134884217576  
0.9955691411734995  0.4962667429090277  
0.9952966174163924  0.49403686742477937 
0.9940228713147673  0.4968721239121228  
0.9917707741260983  0.49498960451727936 
0.9928131128278976  0.4946871549700065  
0.9971782135852431  0.49597066549883156 
1.9398197043239886  0.13094966900369656 
0.9946961756882228  0.49302752315910836 
0.9944316482575526  0.49503294019333144 
1.9312640661491187  0.9881982429404655  
0.9926490938530774  0.49498597810272804 
1.0009146491054006  0.502199797212229   
0.9955052808918022  0.49476415983499794 
0.9955351042450051  0.49635807003968385 
0.9942372817098531  0.4946362878247458  
0.9940720707603786  0.4940275699249127  
0.9957446164428336  0.4963342738441332  
0.9915591067076196  0.4958646862156627  
0.9933625161651193  0.4945180446286712  
0.9952337456113267  0.49580343859800624 
0.9946258787199276  0.4945334950392897  
0.9956465064435016  0.4991021168470285  
0.997525085490044   0.49753528937777347 
0.9964295333907631  0.4957421270129229  
0.996880859500029   0.4953832477881147  
0.9960591588374454  0.4992344238805486  
0.9942187469023765  0.49552346403138847 
0.9952979471693898  0.49606546509069144 
0.9954029621858731  0.4958336998280462  
0.9963353574125852  0.49529711272864224 
0.9962163827248923  0.49809059756007346 
0.9969166815241316  0.4961150771174325  
0.9926248295912151  0.49499382284467464 
0.9961273586483079  0.49684474974781256 
0.9940610178625772  0.49733848004411974 
0.9922188014737928  0.49374116771903254 
0.9972851638105245  0.4957217427842869  
0.9944702130471605  0.49655448789045314 
0.9937848132881723  0.49601537127545636 
0.9942559875866653  0.49572943820280757 
0.9959810174617224  0.4975149197235504  
0.9918508418935325  0.49338116967683276 
0.9952261273459221  0.4961833580891576  
0.9953286908953846  0.4966018341946478  
0.9938013869886776  0.49535592608053064 
0.9932897985524495  0.4944808969739732  
0.9965165542734493  0.49630448199526506 
0.9957652967798772  0.49805768966715447 
0.9977318351635525  0.49705417592211737 
0.9922284678738276  0.49419951655548583 
0.9940352449469253  0.4957487257176095  
0.996096472734114   0.4963895258309808  
0.9941802505549059  0.4962101986591451  
0.9929543452571786  0.493954029591366   
0.9932555483655463  0.4930688887870753  
0.9985601635595558  0.4963768849802439  
0.9974918172505204  0.49571684643278585 
0.9961608009156327  0.49692546231136414 
0.992198203488152   0.49427081772458353 
0.9924146916653568  0.49328045833831996 
0.9965609332549865  0.4950038358975424  
0.9943941829391122  0.4941569139560685  
0.9928877080719609  0.49536944493346907 
0.9955051846659841  0.49582755904547793 
0.9950436651494526  0.4961268915525793  
0.993765218364994   0.4937333613430352  
0.9948495424033754  0.49774880802559013 
0.9961450069342234  0.49384005283948795 
0.9930724157405016  0.4948262089261993  
0.9920668097309912  0.495046987285766   
0.9943883121849993  0.49437820446455794 
0.9924284549021374  0.49590010889285296 
0.9950828221597726  0.4958860910654209  
0.9935406723372527  0.4956578938663352  
0.9988844767688362  0.4977908289830038  
0.9933325944237108  0.4947344010209036  
0.9929952247403189  0.49414140922810423 
0.9939959942788941  0.4962597465523522  
0.9960772029985643  0.49407247520480296 
0.9947900795380921  0.4979388190549796  
0.9930411816883824  0.4943695568403562  
0.9956466277752736  0.49579423075413054 
0.9956454930175083  0.4968500112743877  
0.9930541817488395  0.4947845689513734  
0.9920508373539904  0.49469561959772296 
0.9903149900020018  0.49153577280832034 
0.9921379391875425  0.49473834532231514 
0.9953263077000076  0.4968741308631396  
0.9937320574131782  0.4958795297440822  
0.997619712580418   0.4965861125509353  
0.9953855767824091  0.4955851878333653  
0.994368522940486   0.49470341903113313 
0.9935858998581495  0.49526991175642404 
1.9312640661491187  0.10496990541124218 
0.9963266812729986  0.4952557252747132  
0.9961116017005814  0.49575287538819757 
0.9908017251125981  0.4935915618570741  
0.9910819254371157  0.49378973322540964 
0.9924583481380906  0.49455435276381227 
0.9960216718869332  0.49771626213940773 
0.9948334995045526  0.49406255297557755 
0.9923038183805782  0.4924947021976636  
0.9922718994076377  0.4938380304676304  
0.9965788029200183  0.49702750299503795 
0.9940212032725148  0.4962967288866466  
0.9931276844773113  0.4950926440008706  
0.9936943771882637  0.4942347562203107  
0.9937378979038057  0.4955724105002202  
0.9924406486652226  0.4943561718434941  
0.9953958722320547  0.4947982887812654  
0.9981425259210759  0.4978665178955863  
0.9942617109916817  0.49475799934879794 
0.9958017413924619  0.4968288294682709  
0.9946330425330822  0.49580234702087506 
0.9931893362399564  0.4958768731625765  
0.9940236879817439  0.4940460230140521  
0.9952954128503504  0.49699862591622157 
0.9955646192717772  0.49652946620255367 
0.9951471972329781  0.49649232814653427 
0.9926560161855864  0.4945589098573591  
0.9957713751582692  0.4953114320465136  
0.9934579444680328  0.4958417655752949  
0.9951907099360756  0.49506142390743313 
0.9920103261234394  0.49533539492439665 
0.9950943292468188  0.49590163219754546 
0.9964967095755135  0.49889506274286116 
0.9929066581098229  0.49394045497646505 
0.9936600635783263  0.4941141141931783  
0.9925635735911383  0.4932455127042128  
0.9969944220298576  0.49741162374717096 
0.9945065193644722  0.49270042930424673 
0.9941515651609829  0.49510508284447613 
0.9945512755641828  0.4944223985752681  
0.9936305661972716  0.49465860519217253 
0.9953226783819495  0.4954388636612318  
0.9930284416963708  0.4938314516960242  
0.9929783670969432  0.49600540846752633 
0.99416156845414    0.49514164022399804 
0.993324509768648   0.49331559612711895 
1.9312640661491187  0.9881982429404655  
0.9936853345623521  0.49544744443684946 
0.9944984081977377  0.4945534009069989  
0.995486230118107   0.4970645131250463  
0.9960336452025628  0.4958381175917327  
0.9934386874874582  0.4948447585255764  
0.9941782234437326  0.4951133282181443  
0.995222240687592   0.4955538810917857  
0.9938687586614108  0.49560859970342014 
0.9944751275305763  0.49680240485493105 
0.9957608182170358  0.4957991467895673  
0.995243934255251   0.49438977955206176 
0.9927397663510591  0.49528790160268477 
0.9940196366052629  0.49628837184045693 
0.9912854130359705  0.49412987162007854 
0.9948986842646871  0.49646277396520455 
0.9953775770476777  0.49636761538488    
0.9949880419070737  0.49658520439706816 
0.9940411746766804  0.4949942546188646  
0.9942773156795527  0.495305789565593   
0.9948955596432517  0.49505104900726077 
0.9934615423606613  0.4952544705104693  
1.9398197043239886  0.13094966900369656 
0.9954547032747061  0.49623057112016494 
0.9978235330885933  0.49785813437045917 
0.9952241000600448  0.49630740183362293 
0.9924286133782699  0.4942342192520947  
0.9950373144978633  0.49383826271192166 
0.9924257311104631  0.4945678126298402  
0.9956022159738581  0.49591258407744016 
0.9917452971843574  0.49355775775860916 
0.9947563112238552  0.4944670792719633  
0.9945469211722271  0.49645870269402237 
0.9974246651170063  0.4969775973997934  
0.9927991642361241  0.4954061417874835  
0.9934522808700486  0.4955192254474126  
0.9938707679128785  0.49534646343044164 
0.993489589426472   0.4968365731471252  
0.9938584375192275  0.496403750686114   
0.9952223398568648  0.49605301387637585 
0.994408715027751   0.4949012354892864  
0.9948094680697996  0.4948418869037701  
0.9929889739466273  0.49525481046868436 
0.9948640430696205  0.4959066504736484  
0.9926181124648438  0.4940081962939064  
0.9938257669300645  0.4956413232370705  
0.9966792338185565  0.49642304313932406 
0.9939704887282862  0.4947914339898912  
1.9398197043239886  0.10496990541124218 
1.9398197043239886  0.10496990541124218 
0.9944212205334403  0.49521834117587243 
0.994927844298302   0.4960784153485923  
0.9951338891296995  0.49666674852832954 
0.9960724404968571  0.4957436390084463  
0.995428297512298   0.49611853108107085 
0.996528931761742   0.49705823141685573 
0.9922169602515567  0.49424808794747405 
0.9940232958595236  0.4940354973075781  
0.9977299765531582  0.49869740036402066 
0.9948463951334674  0.49554522987893646 
0.9964176627225311  0.49668305154657966 
0.9909049959077253  0.49559225142358654 
0.9967466270021692  0.49716630213281    
0.9947379898458253  0.49636174738524375 
0.992187406954457   0.49472913688394254 
0.9958376994318734  0.4970140689413106  
0.9955941170157167  0.497696213545453   
0.9929689466943956  0.4947079725512075  
1.9312640661491187  0.13094966900369656 
0.9912464591607105  0.49285395463017284 
0.9952559701460997  0.4952729115200859  
0.9943285815238805  0.4969417308992029  
0.9944897135631495  0.49590632136965246 
0.991777085527999   0.49339729809700666 
0.9963047182364831  0.4973538911922605  
0.9961190931843638  0.4974896482496625  
0.9938749968203793  0.495929286820783   
0.9947978540962833  0.4949250910681002  
0.995072573744638   0.49602150227921254 
0.993637188127985   0.49658945257463527 
0.9968942696292161  0.4981720861445628  
0.9976991232871918  0.4977073851520635  
0.9914823469269182  0.4941603178917817  
0.9972158591226009  0.49807597693173655 
0.9958186068069024  0.4949768830383558  
0.9936873615675348  0.4943464006632413  
0.9959638416731513  0.4964134715311884  
0.995801519028078   0.49684192993540244 
0.9958873908244182  0.4959505648868308  
0.9944810775612913  0.4961124129102445  
0.9931203612117298  0.49623586098018546 
0.9967531937405494  0.4973291639402886  
0.9948569833737275  0.49505281260613054 
0.9927798923584982  0.4952677819291216  
0.9945901315370689  0.49519197295698125 
0.99470136111873    0.49610044033605116 
0.9937101901068963  0.4958437825929272  
0.9974396940889043  0.4962330174028289  
0.9942608787155027  0.49626857078846076 
0.9921740589388981  0.49433055997153386 
0.9942979759337255  0.49695813543562756 
1.9398197043239886  0.13094966900369656 
1.9312640661491187  0.9881982429404655  
0.9938055211592185  0.4939624259991704  
0.9938969293453994  0.49655418331292595 
0.9949678000717787  0.49806212928776394 
0.9919426139225894  0.49346211966186054 
0.9951606690881604  0.49603546973638357 
0.9965231089240063  0.49626854747764093 
0.9971750445831132  0.49453959137922376 
0.9953872762825188  0.4962613958810212  
0.9952711116239161  0.4942403179955867  
0.9932213601635201  0.4944359976535482  
0.9948900883565913  0.49603421875924375 
0.9958414642949155  0.4940071045843471  
0.9938127394231462  0.49503069462222804 
0.9948602700435898  0.4961807776659738  
0.996308650990788   0.49634748041169385 
0.9928859809731921  0.4942524130864722  
0.9941735987362585  0.49488517802794274 
1.9312640661491187  0.9881982429404655  
0.9958874231403444  0.4969762269642854  
0.9953351700127667  0.49641800772105293 
0.991238923705255   0.49533097650909536 
0.9931338137264272  0.4949195889368783  
0.9965842062201171  0.4973207508362242  
0.9939625564230785  0.49363054806376105 
0.9964998443594544  0.4963293224048766  
0.9953310821079943  0.49626474224275274 
0.9946046770919017  0.4947001956638517  
0.9964648224763968  0.49791393501426084 
0.9962032170838823  0.4971936607369343  
0.9952576459179994  0.4962471256006075  
0.9923493673352951  0.49363430351304916 
0.9948614538784473  0.49667572733727183 
0.9958789611042931  0.4980623437963991  
0.9963829819364985  0.4967246875779857  
0.9922641228364415  0.49365220591361564 
1.0007019813712548  0.4981525093011001  
0.9922653062196632  0.4948438803646511  
1.9398197043239886  0.13094966900369656 
0.989688234907941   0.4918119596008118  
0.9978235482894694  0.5001539078372909  
0.9975510208586845  0.49613023998438555 
0.9947862898244308  0.49482712529307127 
0.9953780662027188  0.4933090779056867  
0.9935824544147719  0.49607616939684057 
0.9958835542189243  0.49807812474409596 
0.9969499410663419  0.4979867056667654  
0.9990713249424209  0.49783647377250945 
0.9932320975614776  0.49277951781450213 
0.9941276081895086  0.49751891006550153 
0.9942445707381673  0.4945652032704853  
0.9914367346248685  0.49448496571884043 
0.9941383540890505  0.49671770635593326 
0.9943332359649375  0.49505199503656977 
0.9964955198990174  0.4968880836010307  
0.9923618570777073  0.4929342216736829  
0.996252532223026   0.4952397735075218  
0.9947917163142204  0.4954767434428124  
0.9957741206362215  0.49564343922225795 
0.9948693808940426  0.49659484910037016 
0.9940541323436887  0.4973926085928475  
0.9940426645854882  0.4947752947850926  
0.9944759893529167  0.4947478529292272  
0.9909393398565318  0.4935938525584395  
0.9924454388068007  0.4938361103945618  
0.9934146303162501  0.49349539029013545 
0.9912266924507631  0.49410886528657655 
0.9921515875228929  0.49450782459406273 
0.9919733670893568  0.4945469548724721  
0.993460290790755   0.49556341279967125 
0.9921181501491458  0.49415474840271933 
0.9944600027666245  0.49506825032336793 
1.9398197043239886  0.13094966900369656 
0.9960163782712206  0.4970359970513249  
0.9940793158796867  0.4963223590317495  
0.9940291913960795  0.49577499293776794 
0.9956154265742471  0.4964085156897722  
0.9910308115233082  0.4945339743568259  
0.9930441678615375  0.49625451328360703 
0.994400595772268   0.49513031268487634 
0.9938891856941907  0.49638317688553435 
0.9956559839511127  0.4964083420513318  
0.9973785722955179  0.4952946484213124  
0.9936901628837997  0.49440009182133593 
0.9935465949729889  0.4954907958677079  
0.9944232006901995  0.4958883692594946  
0.9913751781376777  0.4939886238705502  
0.9938225530905319  0.4937877445920407  
0.9959405874298243  0.49563555804244297 
0.9973626323074338  0.49673695980192556 
0.9933814080450563  0.4951543797486374  
0.9931536799299768  0.49481512588537935 
0.9931071111861477  0.4942818710164083  
0.991565799047781   0.49393746111004894 
0.9919036866278473  0.4956055704169736  
0.9948788186596281  0.4947484390905773  
0.9923696795902314  0.4938139905745643  
0.9893654287962832  0.4927520934596893  
0.9964603966912791  0.4969281097697266  
0.9997161307739241  0.4990807007014205  
0.9942115243943898  0.49614431555166777 
0.9932702251085596  0.49490047700586376 
0.9943948664268127  0.49519875633546356 
0.9939559259635584  0.49448050668644744 
0.9920741425277697  0.4940942506395752  
0.9935610768465862  0.49384833115823035 
0.9947694235183631  0.4972111543066566  
0.9946124801021813  0.495011102953993   
0.992336690774839   0.4930794275535296  
0.9935189192889096  0.4942250800916295  
0.9969184090996422  0.4972014072158413  
0.9926855324260626  0.4945007121636895  
0.9943875967230458  0.49645655068685285 
0.9959694496135123  0.49700569533247047 
0.9966249847323235  0.49832497039572865 
0.9936551817740112  0.49575769633244254 
0.9946513467623548  0.49489343940712793 
0.9933631409453183  0.4963573768324022  
0.9979568982010548  0.4954226105954176  
0.9933270908142148  0.49559522997294936 
0.9937234238493355  0.4959894476579     
0.9946220261651478  0.49485872287919475 
0.993365604907858   0.49499574030488885 
0.9956060962935859  0.49591576112802993 
0.996905354760868   0.49622253219393697 
0.9946993865599024  0.49605345636763754 
0.9958770709766972  0.4960890625164252  
0.9946089419287452  0.4957421720833833  
0.9980632694396966  0.4958429055392458  
0.9946889737046394  0.4951989556769993  
0.9922064211265764  0.4948358394045973  
0.9935945760705113  0.4946492411549066  
0.9939884075578537  0.4955918181372163  
0.9959361830555097  0.4964486221906261  
0.9930560816380563  0.49455226809308067 
0.9948101265097009  0.4957325905898522  
0.9952176394729005  0.49643667016078163 
0.9962116764083814  0.4966741220814035  
0.9945432393267746  0.49543587693802826 
0.9966824352990619  0.4967424179511378  
0.9993146428003084  0.498226182034345   
0.9958665965378612  0.4966445133434179  
0.9952130561373549  0.4964099644096729  
0.9926638290708164  0.49464290992571935 
0.9962750207575167  0.4955944630290088  
0.9941728003599716  0.49552048327874076 
0.9947173352397262  0.4964041265120542  
1.9398197043239886  0.10496990541124218 
0.9927523235343408  0.49285342769757173 
0.9960792985125738  0.495912246630694   
0.9921751024742721  0.4948317855606922  
0.9944346852068896  0.49657748247638195 
1.0004811027324731  0.4975565222853945  
1.9312640661491187  0.9455490474077702  
0.9952530459025797  0.4954684415870384  
0.996302848066671   0.4957740037742894  
0.992484123765338   0.4951842398459383  
1.9398197043239886  0.14070456001948428 
0.9973114135796152  0.4970085111201129  
0.9951882213461631  0.4959173386735652  
0.9961803535676752  0.49605365381157973 
0.9937081192971777  0.4958092006217978  
0.996690777394012   0.4950254576794179  
0.9945633685794862  0.49586448437367364 
0.9934704041017408  0.49422760541727145 
1.9398197043239886  0.10496990541124218 
0.99280398777704    0.4966964072965916  
1.9312640661491187  0.10496990541124218 
0.9934263967726583  0.49358851759389705 
0.9946173381418336  0.4952900480391261  
0.9948233064463687  0.49520956147259    
0.9949037730692568  0.49673380748145884 
0.9965366165491618  0.49722239578962835 
0.9965365159201893  0.4940646114037417  
0.9921909827894688  0.495535483919589   
0.999282031311376   0.4979786960211927  
0.9965949327004997  0.496458771837421   
1.9398197043239886  0.13094966900369656 
0.9946537736831821  0.49507343352702526 
1.8977710745066665  0.9881982429404655  
0.9993035798909927  0.4998499516564328  
0.9925764469595497  0.49466662185116206 
0.9949530042446421  0.49563408916491103 
0.9935573041241651  0.49505293315608884 
0.9931404296979394  0.4939556572016194  
0.9934041798846518  0.4958845482334662  
0.995119036297946   0.4949001809658634  
0.9929473160228063  0.49546982895459035 
0.9924565586224582  0.49492197510400276 
0.9909664698270616  0.49235203616204776 
0.9955340922332516  0.49646011463946604 
0.994227545933538   0.49751670090657807 
0.9955333253740156  0.49615757016588635 
0.9914222678394028  0.49362784608754456 
0.9935421466772925  0.4944924872637932  
0.995025488999643   0.4936604937924296  
0.9949395698568305  0.49612982586950366 
0.9939144557263745  0.49551324005533925 
0.9923529335499209  0.49352229539700077 
0.9939500988445354  0.4939176476324617  
0.9961449815759981  0.49435966936391534 
1.9312640661491187  0.14070456001948428 
0.9949366718094512  0.4952628691639594  
0.9945391109594133  0.49543940504993156 
0.9942482904623079  0.4952958087084769  
0.9970627609466469  0.4997810266832881  
0.9951838008533659  0.49497964711452813 
0.9962953196563805  0.49681398627079115 
0.995023816447948   0.49645728441762604 
0.9935834185034289  0.4952222096620435  
0.9966734101144612  0.49606546492583375 
0.9957716168247907  0.49700988456588413 
0.9937472365574409  0.4943166205224216  
0.9936108296497201  0.49297096823576575 
0.9963256225710304  0.4942624970518448  
0.9952110349546758  0.4954582146440514  
0.99400505249121    0.49347341096701863 
0.9959837621221183  0.4957278521558149  
0.9944240201388005  0.4951983246613171  
1.9312640661491187  0.10496990541124218 
0.9948767560943851  0.4975116404347062  
0.9970115352361766  0.4962814594066559  
0.9929244223871437  0.4951660184890715  
0.9931783781269135  0.49409754614464685 
0.9932828540552531  0.49314967240677304 
0.9935093663745956  0.49486615107330056 
0.9930588918144567  0.49420489349532437 
0.9902208702015115  0.49305295986208736 
0.9965928575269705  0.497250356748324   
0.9934476680532718  0.49459685626473726 
0.9966285313498849  0.49516400056894944 
0.994138747569259   0.49556917111781335 
0.9964328706241308  0.49616591152987843 
0.994691938162677   0.49649968897936936 
0.9944797457052243  0.4961544758579057  
0.9947274844692061  0.4964653224404731  
0.9950033722608445  0.4954351595629833  
0.9964871155289532  0.49585508494353164 
0.9967948334628951  0.49636913786171555 
0.9955151363598748  0.49519588889747423 
0.9976238911406103  0.4988542700768314  
0.9940743147009398  0.4957920038726604  
0.9983288954559744  0.49773023214345224 
0.9954868772181231  0.4966239188829864  
0.9908063154649598  0.493285984874499   
0.9948969783948509  0.4978058802694609  
0.9956959199779548  0.4979665736009291  
0.9940588716017246  0.4943386805986781  
0.9942154844215104  0.4938910513999994  
0.998422559892115   0.49726440076547096 
0.9968029890276485  0.4959103292064175  
0.9962283093585418  0.4951795565300894  
0.9943455805278781  0.4947517652202134  
0.9964286643792123  0.4962685932806281  
0.9952642850794506  0.4978345711103347  
0.9940050740215315  0.495688746168256   
0.9965430845640371  0.4974147232078328  
0.9956413807980015  0.49551729278976525 
0.9940684689501599  0.49663895777631706 
0.9977429207847337  0.4956539363957263  
0.9896241724492186  0.4929669320057593  
0.9959805530318399  0.49451227228185646 
0.9951713978296076  0.49631329599335544 
0.9957181423453548  0.49664931658893263 
0.9953391554182575  0.4975481429746208  
1.9312640661491187  0.9726261649881027  
0.9938909828429519  0.4955065143391238  
0.9924461543532621  0.49507292109693124 
0.995191965230905   0.49415303742749833 
0.9993936032887564  0.5001006305188236  
0.9949640607099246  0.49477959965399376 
0.9926182376734582  0.49554922586356914 
0.9947090023113131  0.49418051714995703 
0.9944281270577608  0.49367209927428    
