a                   b                   
1.5874380225110152  -1.1107251639906013 
1.547678297268768   -1.0042953651286277 
1.516091373424658   -0.8693086143685613 
1.5363972739519909  -1.0477502593171897 
1.558312714385723   -1.002852198375502  
1.5306101159396595  -0.9367479002185117 
1.5484544581370299  -1.0492423671555187 
1.5520993133200454  -0.9490240916312733 
1.5342812007396993  -1.007228614517601  
1.4670711985582061  -0.849473232064203  
1.5852122141083376  -1.0408545737940524 
1.5281296281747374  -0.9739201643976912 
1.5376112956442607  -0.9450215079880481 
1.5441560368706733  -0.97233655113728   
1.5565836821008294  -1.0119370262804983 
1.5228999857554595  -0.8839409954248156 
1.5143833730424308  -0.9842972825709656 
1.5422767161232664  -1.0116827477993626 
1.5613557856893279  -1.0098365989064142 
1.5553599034396062  -0.9928650565295428 
1.5242684329464196  -0.8506894335272683 
1.5240002287494865  -0.9662807398314641 
1.5388293583502315  -0.9299466499004251 
1.5453249164493341  -1.014874960465578  
1.5437992114899968  -0.9134270143610398 
1.5440021073670958  -1.2                
1.555301546702311   -0.9552198023728106 
1.5664934159651747  -1.1318722381314283 
1.5364061786620857  -0.9871710821407848 
1.5163331871785721  -0.9401750790597654 
