a                        b                        
1.043267760212182        0.4302980756074941       
1.022156360038582        0.4344993926172777       
1.0571731242042341       0.424306551064981        
1.1184071813577083       0.4396947937391049       
1.048095767765024        0.4284703846727044       
0.996014425314329        0.45604417137978936      
1.0949797226791922       0.4180543549950272       
1.0360693048185303       0.4294527319737677       
1.03865857365939         0.4296232109626916       
1.0116520521791046       0.42920074965649635      
1.0267651773609203       0.4408255366394575       
1.0266315546596547       0.4240101052589066       
1.0405113059449176       0.4383791221932573       
1.1036312312760426       0.3829352925488846       
1.9312640661491187       0.3182857183806057       
1.012007535789494        0.4556637119737522       
1.0559701998676023       0.45410393083435746      
1.032549332409511        0.4433617442826827       
1.021546774950326        0.44569546510848407      
0.041168988591604894     0.10496990541124218      
1.1353678506001788       0.3477370894674811       
1.9398197043239886       0.29903815686818774      
1.0019144049580804       0.43797178566189854      
0.7880365715292266       0.9455490474077702       
1.0168062645771507       0.4336404140364788       
1.0347462321677756       0.43349805810449804      
0.993427756852133        0.43708465422910897      
0.9890659145123645       0.4802818904764169       
1.0014389796689263       0.4608188884995468       
0.7431340506315758       0.9881982429404655       
0.9989832317179816       0.445591877467312        
1.0530125523917022       0.4416466239033944       
1.235549151889134        0.3121677907450132       
1.0531777898613648       0.4278590248733837       
1.1027693807003114       0.4039608213893156       
1.9312640661491187       0.3647640170199428       
1.048539723289728        0.42519375842765056      
1.0721341814810832       0.43197494093812366      
1.0173606408203224       0.4485923440747267       
1.0488335811262786       0.4064322870307133       
1.0495855613439191       0.4323579521659886       
1.011158622478447        0.4585962946593176       
1.0214559445007367       0.4414408158237756       
1.0876176997511702       0.3866369872898972       
1.0284324125520956       0.45302226058965295      
1.064858376981679        0.42196670150321797      
1.0637876124307188       0.43225024689720165      
1.043167920113084        0.4360965635544761       
1.0666511580750007       0.4141206976134637       
1.01860795086077         0.4525948407520203       
1.0738908998601995       0.4171056382398366       
1.0507526363457154       0.4460767464901462       
1.2045786121389814       0.3617053734804315       
1.026556728592216        0.43240697681874024      
0.9970784339825968       0.45814928634589014      
1.0482642069322432       0.430929919562547        
1.0552761615090163       0.4152820979957955       
1.0573395097079792       0.4302723513751594       
1.0138497947340408       0.4621587808072868       
1.0431082861120786       0.4513274459342651       
1.0490777570943524       0.4500249090585312       
1.0177981261027702       0.4660268255173735       
1.0737063290402358       0.4084625331125034       
1.0497929085955133       0.45477123142321135      
1.0365528405693683       0.42210306232230277      
1.023087312465885        0.43973699992171833      
1.0296516051665616       0.44682940103297586      
1.0433809035624693       0.40818116691545875      
0.45708956513642096      0.10496990541124218      
1.9398197043239886       0.23023426235106748      
1.0251805225292359       0.4742950220365148       
1.9014286128198323       0.20806863159882028      
1.0318549258036218       0.4388598154338286       
1.026756025105052        0.44369997325674476      
1.1103488512698796       0.38751097732285755      
1.1306534597164715       0.40100624485643965      
0.638443977214552        0.10496990541124218      
1.0414778543733418       0.4194763707270649       
1.033243437207592        0.44422502813948667      
1.052175962717241        0.42787019414926264      
1.052536409032351        0.4511524217112901       
0.5786853603638717       0.10496990541124218      
1.010034816336144        0.45078756518300495      
1.0296417460970282       0.4552014404235749       
1.0680522322687156       0.4352465398744461       
1.0092543463094474       0.4519972950039889       
1.053867940235424        0.401442375516589        
1.0485208206622214       0.43034811326628086      
1.020026704826324        0.42306746513664706      
1.0220572892564392       0.4439532695447128       
1.6305939730134913       0.9881982429404655       
1.0493382384406085       0.42222185434842086      
0.24672625296251083      0.10496990541124218      
1.0229469171684447       0.4477977005106478       
1.1408892453842845       0.3759298795297307       
1.5944448116506007       0.10496990541124218      
1.9398197043239886       0.13094966900369656      
0.6189782321449631       0.10496990541124218      
0.9740975833033909       0.4475251830561371       
1.0319872495155897       0.4414082534205538       
