a,b,ONVOUND,chi2
0.820995142828892,0.5637361068680181,False,1597.340
1.1665400822911707,0.4065879701842994,False,934.524
1.1884314567198544,0.4167973348629611,False,1176.072
0.8816634123069929,0.5905982373766488,False,1596.177
0.7366402819178124,0.5626521559505298,False,2990.491
0.9190280227636275,0.5367480401587145,False,697.826
1.2707881577449294,0.3541757065601158,False,1803.834
0.9383228913609652,0.5232253235647353,False,466.290
1.1869282993107704,0.3529159712373594,False,1376.436
1.2005017742958626,0.3750164391616845,False,1484.426
1.1666795845672373,0.4255286980710474,False,1024.764
1.2328379647060572,0.3614500395122432,False,1502.006
1.2115105571182876,0.3948779382129424,False,1554.370
1.234139835098751,0.37463240176938495,False,1436.136
1.1393661912370634,0.4009057015514124,False,1078.979
0.8434815135427653,0.5463125561600237,False,920.279
0.7519461168830257,0.51067373096068,False,2504.843
1.2113113946086356,0.3349473040529216,False,1586.183
1.1380594007443796,0.46722791024278076,False,727.892
0.8362588382134878,0.5691240721598442,False,1665.286
0.822886308483405,0.5464519621317471,False,1305.665
1.7272864381329733,0.17974131162365464,False,13055.674
0.9950962848448524,0.529693970043867,False,610.410
1.1085960831919908,0.44740649664334,False,536.960
1.7652110195483408,0.1564058327262169,False,14045.831
1.2026902908233794,0.41708484815778746,False,1293.927
1.1584606328081202,0.41931650753253924,False,893.095
1.0578493169191585,0.8887977227048989,False,11519.904
1.2093222445797986,0.3599138066170323,False,1375.576
1.1740060824129865,0.4595378605344937,False,1169.348
0.9459191830565316,0.913805468370533,False,13458.960
1.2166536955086389,0.3644125577578151,False,1376.819
0.7662399327859,0.5638900213853054,False,2611.876
0.8794038143833408,0.5306327276700801,False,838.121
0.8273251011216878,0.5252242817588786,False,2188.167
0.857131929280397,0.4986775693733554,False,834.082
0.8240854973943023,0.5336336396471748,False,1255.366
0.8415057222520894,0.5432506665462336,False,1232.979
0.8743001400365112,0.547233481228127,False,1003.965
0.8071631719062579,0.5366845336926284,False,1544.090
0.977125025175328,0.9658420924591165,False,15287.916
1.1645787579948972,0.3893259054522488,False,1034.377
1.180810825027872,0.3693596685573003,False,1278.276
0.7822822975411623,0.544655508728068,False,1925.375
1.1838861413283308,0.38018591256849654,False,1249.882
0.8331535675723934,0.5528086165046816,False,1612.867
0.8897850211303586,0.5456538281463091,False,1319.614
1.025702503406014,0.968016727213606,False,14446.811
0.8546970191498882,0.5562691052260369,False,1504.556
1.6213853913257434,0.1965110209129342,False,9060.699
1.1705715853021796,0.4001851330975619,False,1020.539
1.7932154927556712,0.17667750292562268,False,13905.504
1.1610523829990125,0.3903998297812801,False,968.616
1.2257700078882479,0.38521337705780323,False,1521.590
1.241201925500908,0.35364079389019165,False,1829.989
1.2729169829288611,0.36544219230894,False,1872.748
0.8083607891492581,0.5625887826197503,False,2019.764
0.779324198348185,0.5479198985679703,False,2318.205
1.2123785477709226,0.34946276429195666,False,1653.138
1.2025936082881856,0.41632237018845153,False,1472.617
0.8636734763886253,0.5350696667811606,False,1300.142
1.140291497909519,0.4014281136411656,False,998.406
0.8328719148087673,0.49347916124132796,False,1556.726
1.0067160884473527,0.8884721129952913,False,11580.274
0.8400811896381861,0.5379507977449249,False,1236.072
1.1245334920855317,0.43515564128003603,False,582.644
1.1442585040036077,0.4279753178658138,False,848.416
1.186797086000624,0.3686784015897596,False,1223.255
0.7868238885032823,0.5086641882106056,False,1945.515
1.7612295548256518,0.17202737273017382,False,13766.604
0.8233836231939511,0.5801279207735726,False,1701.873
1.1659779275963815,0.4292895265738183,False,1099.378
1.1483759807861376,0.42491571767660097,False,921.852
0.8865484408954228,0.561668931392476,False,1054.611
1.267070167624936,0.35416682114288,False,1908.921
0.7799693142865286,0.5331772261108708,False,1943.865
0.902517442529971,0.5011392103025829,False,638.182
1.2212647224754172,0.3808822359954398,False,1495.510
1.1950975685029546,0.39730846239240436,False,1426.892
0.8335647706725398,0.5392981973064114,False,1388.683
1.2431860152854237,0.35737997146067796,False,1620.718
1.230553476377341,0.3588649943954285,False,2067.601
1.262732137383211,0.3517464689037,False,2521.501
0.9685542260263453,0.5626573334099505,False,823.992
1.2151721204063355,0.3660803742335067,False,1318.477
1.2359497723847788,0.3547085003118573,False,1740.666
0.874620516172791,0.5768129146831611,False,1847.740
0.9197851830781375,0.5295994720286438,False,457.284
1.278712697131075,0.33190961195252233,False,2526.125
0.8503119812238716,0.5678441066845302,False,2052.647
1.1966725757845806,0.3647122994768509,False,1455.940
1.1837391917616804,0.4076476723795437,False,976.401
1.14058606520502,0.41855133063243116,False,950.579
1.258301276371136,0.3706930772006952,False,1907.681
0.7576045965332572,0.5137699838917912,False,2639.967
1.1306772812368833,0.43482539834068523,False,529.275
0.9960581599622278,0.9388690881321909,False,14336.425
1.2223281887260464,0.3704167631764298,False,1433.032
1.1144807827569831,0.4672096084990003,False,476.434
1.2343946014971217,0.40378213098664373,False,1605.396
