a,b,ONVOUND,chi2
1.0891162913046621,0.5238883972955407,False,11.479
1.5742982637100194,0.9807601432818287,False,83.042
1.4603673704313078,0.9373719204379722,False,73.967
0.9808506034821063,0.5084419884542303,False,6.755
0.6971405119863534,0.9950608976796698,False,62.367
0.8896532758713952,0.4839988410363725,False,7.174
0.6750738424398597,0.957095855150466,False,28.474
0.9774474441471411,0.4781477783953789,False,2.877
1.3566126376171963,0.8185285578356896,False,27.492
1.2088458234118131,0.6742654961543039,False,23.374
1.208169646287926,0.6137811997932038,False,17.269
0.2453127505210425,0.2507007241020771,False,657.299
1.2610094036244432,0.6805986225441194,False,23.106
0.20400080592667946,0.820858190886863,False,243.091
1.1783676705756336,0.6058466688864623,False,17.849
0.27418289614899427,0.9531304147621599,False,136.500
0.3051542380077453,0.6730027051606743,False,52.060
0.9655862662904803,0.9778341359652327,False,20.629
0.2795678402098867,0.8410642522398111,False,102.755
1.1829195075746937,0.6087550027521366,False,17.801
1.2214438788839177,0.5330133195423294,False,23.638
1.2915617844805518,0.8495240340138639,False,27.311
0.9148207148021459,0.9688031267088919,False,20.377
0.910158823936736,0.515795832973776,False,8.505
0.9544792117272639,0.4925640373528637,False,6.026
0.977219445604554,0.49301985538287973,False,6.088
0.9747218765628041,0.4905014011854399,False,5.072
0.3559812005639883,0.8828102662878843,False,59.956
0.9523630284902267,0.47569554193270236,False,6.322
0.9918421722188804,0.5163050957210753,False,8.086
1.0888161960826566,0.5006167537293458,False,8.731
1.235503940883871,0.9569323427006822,False,35.364
0.9118047043539491,0.524355086861988,False,11.343
1.944009836680077,0.2050276626002206,False,657.778
1.0073758118925644,0.48148783631263337,False,7.629
0.31307113618519056,0.9268888412341596,False,88.933
0.8940639607612437,0.4910802816292864,False,6.388
0.9196320648306222,0.5035605922328238,False,9.640
1.1839257127433176,0.5678329200981128,False,16.960
1.1980845396880968,0.5372001595315569,False,25.809
1.205994560574825,0.5381900931771983,False,24.534
1.1640371491521475,0.1995368440741695,False,278.523
0.7359617226655085,0.9842522186629556,False,47.113
1.180886025121177,0.5508686072002502,False,18.297
1.0169161712559682,0.5183700238703627,False,6.064
1.258915704036999,0.6646410289228109,False,23.203
0.9985387970346066,0.9493355089988924,False,21.390
0.36241515808429536,0.8003550327106544,False,56.685
0.9227766875959068,0.48495817532276786,False,8.881
0.8519108728867708,0.49876338326038777,False,9.622
0.32027278591660535,0.6861944909132227,False,50.642
1.2196143956217522,0.6097926722080586,False,19.158
0.2572535863136224,0.8114837440060985,False,105.508
0.9130847319748332,0.5032172325109981,False,6.077
0.9376745424082364,0.9747985343849159,False,22.059
1.2498164224671031,0.5548184736704691,False,26.195
1.209103648449483,0.5647084422183473,False,22.484
0.9111338653117542,0.5049398529807758,False,10.168
1.0045957648333759,0.9349332829988182,False,22.006
0.290654315194635,0.6540856257649357,False,51.462
0.9946291672090413,0.4984052244784647,False,8.815
0.9209651071431281,0.577868510880304,False,12.481
1.189744322860689,0.5066812528448856,False,21.428
0.9530028631514537,0.49766771501546475,False,5.883
0.056568067008975875,0.6405132089861615,False,149.786
0.9533444190557151,0.5274311858908868,False,7.762
0.24889800921541771,0.8988708758654655,False,94.440
0.9387622399376102,0.48231624408050483,False,6.311
0.9510354543934367,0.5050919417951599,False,6.198
0.3239586669743757,0.6357089690586294,False,55.522
0.9020945201143924,0.5326273533143163,False,10.819
1.7696808703957645,0.6742121289263838,False,400.775
0.8574498826499956,0.5026789425656983,False,13.529
1.130875746023424,0.48210768490988665,False,18.469
0.9486852102822246,0.4997193824270828,False,9.368
0.918919589270612,0.500601626901146,False,6.267
1.3154514561956112,0.5369615160020901,False,62.884
0.9137576291488055,0.48533155527669536,False,4.805
0.9652930945974512,0.47119361403678817,False,3.516
1.9068462474357926,0.733613627263891,False,507.997
0.9400846229216413,0.47488264503323935,False,6.977
0.08413331507282573,0.8938635889100723,False,312.376
1.8833281645222213,0.9499834766642581,False,803.920
0.8921776172752454,0.48966897574188767,False,10.629
1.019778734851835,0.5078228007142047,False,8.359
0.9233842491803426,0.4693059766674412,False,8.517
0.9884345390416199,0.5399889607769162,False,9.576
0.12447281556049039,0.5441691893042113,False,158.503
1.3526625288119933,0.1067162606410138,True,672.988
0.9991013473550051,0.5589523997180916,False,11.354
0.9553374307180859,0.9493120947211998,False,21.221
1.1080513230306726,0.45695377176616003,False,16.198
1.0863829971056844,0.5091064395497577,False,8.836
0.6868571515412621,0.890174288994072,False,31.483
1.0236386383042668,0.5348196904787929,False,14.998
0.921905547645482,0.5132790868263397,False,9.427
0.9115728846670348,0.47508895934344936,False,6.219
1.0033317434178932,0.5842644158724037,False,14.537
0.9632393644493908,0.5692999365901388,False,13.254
0.9405527620188316,0.49061700802335656,False,7.339
