a                   b                   
1.5803878208459619  -1.058788699650547  
1.5489940180020634  -1.0288122477114863 
1.6025566779407963  -1.1189563692622198 
1.5416416130834425  -1.0511781745395938 
1.5467824484964539  -1.013726012410692  
1.5130987644607279  -0.9689034708429121 
1.553820517667812   -1.042051901481432  
1.5348117439428781  -0.9851440300463715 
1.5490351725574538  -1.0349033681746853 
1.4855455354848286  -0.8951535722330096 
1.5620576632123884  -1.0436669613463478 
1.5290158866519403  -1.0082469618202423 
1.5299169173965805  -0.9838324705315227 
1.5337773882081307  -0.9980299972452236 
1.555435168451956   -1.0243862176949534 
1.5412442067055896  -0.997324458676714  
1.5139735236491512  -1.0008551690456275 
1.5520409791643135  -1.042543847046971  
1.5459511051562804  -1.018316662525489  
1.549312592370495   -1.0133235935631444 
1.5990024174215962  -1.064087255659356  
1.514133325475912   -0.9856603344572725 
1.5437591728188438  -1.0091816314429398 
1.5462091812388266  -1.0419286713241251 
1.547140376359763   -1.013631021301082  
1.5892169518566888  -1.174982901858809  
1.5492334580056264  -1.0021508090413462 
1.550096319840544   -1.0414725452879736 
1.5459891321540478  -1.0265458855601943 
1.5415110471729332  -1.0192208740233528 
