a                   b                   
1.549638539776793   -1.1260842760396776 
1.5082924862848825  -1.0177049164100533 
1.5703823360272662  -1.1459400106179018 
1.5323261983423275  -1.058966314828328  
1.4739257640392303  -0.9126408713030957 
1.4854888312229748  -0.9189912893148722 
1.513004394383893   -1.0127293097211079 
1.4785468776754536  -0.8888040691491017 
1.0                 -1.2                
1.6044043423669594  -1.162160185205431  
1.5346549824181164  -0.9518750069610176 
1.4822298108863408  -0.9629337353191286 
1.4722117078957109  -0.8987826835022528 
1.5538839896437129  -1.1084753699150167 
1.5143358427505968  -0.9673082122559913 
1.5187486986840564  -0.9465587747823638 
1.4748862159287361  -0.911992382541126  
1.514718692780424   -1.0410843451949598 
1.579682608027049   -1.1395996043094558 
1.4982949946007758  -0.9109815304718677 
1.52362638935041    -0.8977426051819195 
1.5151957871421693  -1.0142935943527607 
1.4985708226768342  -0.8937425199611163 
1.5307269266093937  -1.01505630816502   
1.5211492874956698  -0.907288206560338  
1.565002910639061   -1.151943380173869  
1.5043646335852743  -0.9028478904989149 
1.9999999999999998  -0.8                
1.5159839597361853  -1.0434024018176575 
1.5101098182202668  -0.9442387093946188 
