a                   b                   
1.5517219900416979  -1.0899258156084655 
1.523243223907211   -1.0300722546348733 
1.5729824773026766  -1.128470656542634  
1.5454314455644338  -1.0397282929315785 
1.4667540239621282  -0.9251597848526651 
1.4732110521620414  -0.927951794253392  
1.5230655684767451  -1.0210027268543285 
1.6072653232153031  -1.142958284479473  
1.5423038225855228  -1.0403566834278792 
1.598342842532555   -1.1346912053144793 
1.5882094361089232  -1.2                
1.4932840817506114  -0.9879077146110038 
1.583653554331983   -1.0938056957733404 
1.4753899234251033  -0.9372962312658348 
1.5062169369272949  -0.9803048767768927 
1.6166706644039273  -1.2                
1.452032698235989   -0.9108610927043542 
1.531742139425189   -1.0473378238861635 
1.5830004650999805  -1.134276144487077  
1.611841668930887   -1.1413690414250148 
1.5303115700626297  -0.9674532354081914 
1.5113306343214983  -1.0134795786583348 
1.5401616382291756  -1.0482301664764526 
1.540388637500343   -1.017708355173047  
1.5264935677742542  -0.9907282555612177 
1.5679610050675004  -1.1249096695758418 
1.4987194587127552  -0.9226970028136626 
1.4829674622018452  -0.9247578208936457 
1.5353084155188736  -1.0544432319412211 
1.5046620882687354  -0.9679487632376286 
