x: [[-0.39863781 -0.80855556]
 [ 0.1964235   0.13739121]
 [-0.22966378  1.        ]
 [-0.31123596 -0.55975338]
 [ 0.30935959 -0.77299815]
 [ 0.4387218  -0.77877404]
 [ 0.95901304 -0.778905  ]
 [-0.77635535  0.14527008]
 [-0.38633854 -0.82380883]
 [ 0.2295605   0.51543173]
 [ 0.70331006  0.48199848]
 [-1.          0.11635749]
 [-0.2234932   0.31854728]
 [-0.15006885 -0.71332444]
 [ 1.         -0.55367172]
 [ 0.65480776  0.11273684]
 [ 0.25843221 -0.39512737]
 [-0.41670488 -0.15321987]
 [ 0.8571756  -0.72612511]
 [-0.65112443 -0.77897245]
 [ 0.69433983  0.17153247]
 [ 0.81969509  0.82028274]
 [-0.44296587  0.01079687]
 [-0.00583437  0.00813697]
 [ 0.35559466 -0.00325521]
 [-0.07882484 -0.94487919]
 [-0.25210521  0.16207736]
 [-0.20774139 -0.29647212]
 [ 0.63735521  0.90127501]
 [-0.55160552  0.4503775 ]
 [-0.98593691  0.02139492]
 [ 0.56925378  0.20849789]
 [ 0.40009024  0.77833231]
 [-0.42106208  0.90224061]
 [ 0.11612497  0.41350399]
 [-0.30364893  0.24771256]
 [ 0.32402506  0.89706607]
 [-0.07748422 -0.24600898]
 [ 0.99215281  0.37053341]
 [-0.30284744  0.38703102]
 [-0.03447853 -1.        ]
 [ 0.11295314 -0.29444906]]
 VM: 
[[ 1.00000000e+00 -8.08555557e-01 -3.98637805e-01  6.53762088e-01
   3.22320812e-01  1.58912100e-01 -5.28602969e-01 -2.60614284e-01
  -1.28489261e-01 -6.33483707e-02]
 [ 1.00000000e+00  1.37391213e-01  1.96423496e-01  1.88763454e-02
   2.69868623e-02  3.85821896e-02  2.59344400e-03  3.70775775e-03
   5.30085384e-03  7.57844856e-03]
 [ 1.00000000e+00  1.00000000e+00 -2.29663779e-01  1.00000000e+00
  -2.29663779e-01  5.27454512e-02  1.00000000e+00 -2.29663779e-01
   5.27454512e-02 -1.21137196e-02]
 [ 1.00000000e+00 -5.59753384e-01 -3.11235958e-01  3.13323851e-01
   1.74215381e-01  9.68678215e-02 -1.75384086e-01 -9.75176488e-02
  -5.42220909e-02 -3.01487492e-02]
 [ 1.00000000e+00 -7.72998154e-01  3.09359585e-01  5.97526146e-01
  -2.39134388e-01  9.57033531e-02 -4.61886607e-01  1.84850441e-01
  -7.39785152e-02  2.96067496e-02]
 [ 1.00000000e+00 -7.78774041e-01  4.38721802e-01  6.06489007e-01
  -3.41665150e-01  1.92476819e-01 -4.72317894e-01  2.66079950e-01
  -1.49895950e-01  8.44437769e-02]
 [ 1.00000000e+00 -7.78904999e-01  9.59013042e-01  6.06692997e-01
  -7.46980053e-01  9.19706015e-01 -4.72556208e-01  5.81826497e-01
  -7.16363613e-01  8.82010064e-01]
 [ 1.00000000e+00  1.45270077e-01 -7.76355354e-01  2.11033952e-02
  -1.12781202e-01  6.02727636e-01  3.06569185e-03 -1.63837339e-02
   8.75582900e-02 -4.67930827e-01]
 [ 1.00000000e+00 -8.23808825e-01 -3.86338541e-01  6.78660981e-01
   3.18269100e-01  1.49257468e-01 -5.59086905e-01 -2.62192893e-01
  -1.22959619e-01 -5.76639124e-02]
 [ 1.00000000e+00  5.15431734e-01  2.29560497e-01  2.65669873e-01
   1.18322765e-01  5.26980216e-02  1.36934683e-01  6.09873079e-02
   2.71622327e-02  1.20973840e-02]
 [ 1.00000000e+00  4.81998482e-01  7.03310060e-01  2.32322536e-01
   3.38994381e-01  4.94645040e-01  1.11979110e-01  1.63394777e-01
   2.38418158e-01  3.47888833e-01]
 [ 1.00000000e+00  1.16357495e-01 -1.00000000e+00  1.35390665e-02
  -1.16357495e-01  1.00000000e+00  1.57537186e-03 -1.35390665e-02
   1.16357495e-01 -1.00000000e+00]
 [ 1.00000000e+00  3.18547277e-01 -2.23493197e-01  1.01472368e-01
  -7.11931495e-02  4.99492093e-02  3.23237464e-02 -2.26783839e-02
   1.59111846e-02 -1.11633085e-02]
 [ 1.00000000e+00 -7.13324441e-01 -1.50068854e-01  5.08831758e-01
   1.07047782e-01  2.25206611e-02 -3.62962129e-01 -7.63597990e-02
  -1.60645380e-02 -3.37964981e-03]
 [ 1.00000000e+00 -5.53671724e-01  1.00000000e+00  3.06552378e-01
  -5.53671724e-01  1.00000000e+00 -1.69729383e-01  3.06552378e-01
  -5.53671724e-01  1.00000000e+00]
 [ 1.00000000e+00  1.12736842e-01  6.54807762e-01  1.27095956e-02
   7.38209595e-02  4.28773206e-01  1.43283968e-03  8.32234188e-03
   4.83385373e-02  2.80764023e-01]
 [ 1.00000000e+00 -3.95127374e-01  2.58432215e-01  1.56125641e-01
  -1.02113642e-01  6.67872097e-02 -6.16895146e-02  4.03478953e-02
  -2.63894547e-02  1.72599665e-02]
 [ 1.00000000e+00 -1.53219870e-01 -4.16704880e-01  2.34763286e-02
   6.38474676e-02  1.73642957e-01 -3.59704002e-03 -9.78270069e-03
  -2.66055513e-02 -7.23578674e-02]
 [ 1.00000000e+00 -7.26125114e-01  8.57175602e-01  5.27257681e-01
  -6.22416731e-01  7.34750012e-01 -3.82855043e-01  4.51952420e-01
  -5.33520436e-01  6.29809784e-01]
 [ 1.00000000e+00 -7.78972446e-01 -6.51124433e-01  6.06798072e-01
   5.07207992e-01  4.23963027e-01 -4.72678978e-01 -3.95101050e-01
  -3.30255516e-01 -2.76052685e-01]
 [ 1.00000000e+00  1.71532465e-01  6.94339830e-01  2.94233866e-02
   1.19101823e-01  4.82107799e-01  5.04706604e-03  2.04298293e-02
   8.26971393e-02  3.34746647e-01]
 [ 1.00000000e+00  8.20282740e-01  8.19695086e-01  6.72863773e-01
   6.72381731e-01  6.71900034e-01  5.51938539e-01  5.51543128e-01
   5.51148000e-01  5.50753156e-01]
 [ 1.00000000e+00  1.07968710e-02 -4.42965867e-01  1.16572422e-04
  -4.78264531e-03  1.96218760e-01  1.25861740e-06 -5.16376042e-05
   2.11854863e-03 -8.69182130e-02]
 [ 1.00000000e+00  8.13697446e-03 -5.83436956e-03  6.62103533e-05
  -4.74741161e-05  3.40398682e-05  5.38751954e-07 -3.86295670e-07
   2.76981538e-07 -1.98601171e-07]
 [ 1.00000000e+00 -3.25520567e-03  3.55594657e-01  1.05963640e-05
  -1.15753374e-03  1.26447560e-01 -3.44933441e-08  3.76801041e-06
  -4.11612814e-04  4.49640767e-02]
 [ 1.00000000e+00 -9.44879191e-01 -7.88248367e-02  8.92796685e-01
   7.44799479e-02  6.21335487e-03 -8.43585009e-01 -7.03745529e-02
  -5.87086973e-03 -4.89766683e-04]
 [ 1.00000000e+00  1.62077357e-01 -2.52105214e-01  2.62690695e-02
  -4.08605467e-02  6.35570390e-02  4.25762135e-03 -6.62256940e-03
   1.03011569e-02 -1.60230609e-02]
 [ 1.00000000e+00 -2.96472124e-01 -2.07741393e-01  8.78957202e-02
   6.15895319e-02  4.31564863e-02 -2.60586308e-02 -1.82595793e-02
  -1.27946951e-02 -8.96538857e-03]
 [ 1.00000000e+00  9.01275015e-01  6.37355214e-01  8.12296652e-01
   5.74432329e-01  4.06221668e-01  7.32102677e-01  5.17721506e-01
   3.66117440e-01  2.58907498e-01]
 [ 1.00000000e+00  4.50377496e-01 -5.51605519e-01  2.02839889e-01
  -2.48430712e-01  3.04268648e-01  9.13545210e-02 -1.11887602e-01
   1.37035752e-01 -1.67836266e-01]
 [ 1.00000000e+00  2.13949154e-02 -9.85936908e-01  4.57742405e-04
  -2.10940367e-02  9.72071587e-01  9.79336004e-06 -4.51305132e-04
   2.07973894e-02 -9.58401255e-01]
 [ 1.00000000e+00  2.08497886e-01  5.69253784e-01  4.34713685e-02
   1.18688211e-01  3.24049871e-01  9.06368842e-03  2.47462410e-02
   6.75637131e-02  1.84466615e-01]
 [ 1.00000000e+00  7.78332314e-01  4.00090239e-01  6.05801192e-01
   3.11403162e-01  1.60072200e-01  4.71514644e-01  2.42375144e-01
   1.24589366e-01  6.40433247e-02]
 [ 1.00000000e+00  9.02240612e-01 -4.21062082e-01  8.14038122e-01
  -3.79899311e-01  1.77293277e-01  7.34458253e-01 -3.42760586e-01
   1.59961195e-01 -7.46514763e-02]
 [ 1.00000000e+00  4.13503989e-01  1.16124969e-01  1.70985549e-01
   4.80181380e-02  1.34850085e-02  7.07032068e-02  1.98556916e-02
   5.57610479e-03  1.56594619e-03]
 [ 1.00000000e+00  2.47712564e-01 -3.03648928e-01  6.13615143e-02
  -7.52176544e-02  9.22026713e-02  1.52000180e-02 -1.86323580e-02
   2.28397601e-02 -2.79972423e-02]
 [ 1.00000000e+00  8.97066069e-01  3.24025058e-01  8.04727532e-01
   2.90671885e-01  1.04992238e-01  7.21893763e-01  2.60751885e-01
   9.41849742e-02  3.40201160e-02]
 [ 1.00000000e+00 -2.46008977e-01 -7.74842152e-02  6.05204166e-02
   1.90618125e-02  6.00380361e-03 -1.48885657e-02 -4.68937698e-03
  -1.47698958e-03 -4.65200011e-04]
 [ 1.00000000e+00  3.70533406e-01  9.92152810e-01  1.37295005e-01
   3.67625760e-01  9.84367199e-01  5.08723858e-02  1.36217625e-01
   3.64740931e-01  9.76642682e-01]
 [ 1.00000000e+00  3.87031021e-01 -3.02847439e-01  1.49793011e-01
  -1.17211353e-01  9.17165712e-02  5.79745420e-02 -4.53644297e-02
   3.54971582e-02 -2.77761287e-02]
 [ 1.00000000e+00 -1.00000000e+00 -3.44785273e-02  1.00000000e+00
   3.44785273e-02  1.18876884e-03 -1.00000000e+00 -3.44785273e-02
  -1.18876884e-03 -4.09869989e-05]
 [ 1.00000000e+00 -2.94449056e-01  1.12953144e-01  8.67002466e-02
  -3.32589467e-02  1.27584128e-02 -2.55288058e-02  9.79306545e-03
  -3.75670259e-03  1.44110283e-03]]