a                   b                   
1.5786786482628368  -1.0040200282494864 
1.552537810970725   -0.9688257799733828 
1.5813430738239278  -0.9621040039911621 
1.5495217624522484  -1.0045308207401762 
1.5499270249390058  -0.9455479575038681 
1.5374978344246657  -0.9138227251602444 
1.571265956016664   -1.061291268914833  
1.5221628354923242  -0.8881941597571621 
1.5753248413006322  -1.0756744710611448 
1.4983392853751674  -0.8713362555233541 
1.5630059918621613  -0.9265046143932404 
1.5498946787089671  -0.9826598341011574 
1.5224916269707631  -0.9094575271939516 
1.5420181665485793  -0.9375387235977162 
1.5578643547640607  -0.962338930658907  
1.5209320522070688  -0.8729940902784543 
1.5259214082809813  -0.9736943996180866 
1.5517373890844512  -0.9979049863165982 
1.558560785460737   -0.9460178763534121 
1.5322466142496796  -0.9316038433782308 
1.5326258846262464  -0.854762702140783  
1.544606485359611   -1.0081770069360836 
1.5291216970058579  -0.90872286197442   
1.5705250229650547  -1.0420388125948745 
1.5307391321378332  -0.8990760133742851 
1.5703471337682489  -1.2                
1.530818715257877   -0.8940142016578019 
1.5367533125667803  -0.9203932666081311 
1.5411647030129239  -0.9617870774721486 
1.558142699531932   -0.9701875363177143 
