a                        b                        
1.0063441542989988       -0.8258000863792874      
1.0063441542989988       -0.8238169747806712      
1.0128008343604238       -0.8238169747806712      
1.4865141358432095       -0.9951381496870816      
1.5427720467131485       -1.1820893159389398      
1.4955393502471406       -0.9993812739849486      
1.6408572976339981       -1.1986642417793496      
1.0128008343604238       -0.8238169747806712      
1.5108715060751008       -1.1896455350890125      
1.0063441542989988       -0.8238169747806712      
1.4887055868568035       -0.9981503783287208      
1.6078723658883232       -1.1986642417793496      
1.7070667683595413       -1.1907603906114663      
1.476886185302388        -0.9984241163683454      
1.4846864365408186       -1.0005501876650733      
1.5026522492637013       -0.9969817542558711      
1.6485062235807977       -1.1986642417793496      
1.4855288881267652       -0.9998404283441454      
1.7246360734929338       -1.1986642417793496      
1.4925605660313899       -0.9992885303089422      
1.0063441542989988       -0.8258000863792874      
1.4770364434227807       -0.9953912315295349      
1.6550350805240535       -1.1907603906114663      
1.4895901086161751       -0.9997149380145315      
1.6080495116096007       -1.1986642417793496      
1.492225944839145        -0.99444269482222        
1.4966253638311344       -0.9971235330600737      
1.0063441542989988       -0.8238169747806712      
1.475807960893502        -0.9947605911367201      
1.0128008343604238       -0.8258000863792874      
1.6658769913870457       -1.1907603906114663      
1.9901196881293606       -1.0251298421398052      
1.0063441542989988       -0.8279428556927333      
1.554731905461089        -1.1896455350890125      
1.7050256576028389       -1.1986642417793496      
1.9901196881293606       -1.0254208447320308      
1.7213475108136722       -1.1986642417793496      
1.0063441542989988       -0.8258000863792874      
1.495421941971502        -0.9982334604677234      
1.4815776049603357       -0.9975200501049646      
1.474457201343291        -0.9955097849268592      
1.5078225740655706       -0.996637905007454       
1.4975771679652186       -0.9965451044905017      
1.5027861957985835       -0.9989541262123313      
1.0088682748720492       -0.8238169747806712      
1.65583151673128         -1.1986642417793496      
1.6580649350313614       -1.1986642417793496      
1.6275236877647445       -1.1986642417793496      
1.4873479007265593       -0.9974969248184216      
1.0063441542989988       -0.8238169747806712      
1.631547572082086        -1.1986642417793496      
1.0063441542989988       -1.0944107161262646      
1.5076737999915673       -0.9972264110735211      
1.0063441542989988       -0.8258000863792874      
1.7505000537382112       -1.1986642417793496      
1.5036854735758962       -0.9976158053429444      
1.4995230142126768       -0.9994162010250859      
1.0063441542989988       -0.8238169747806712      
1.7180953143056181       -1.1986642417793496      
1.507443205390902        -0.9937338289147697      
1.4998747757227096       -0.9976766270905639      
1.9901196881293606       -1.025119483113549       
1.5003646062493956       -0.9966107794823937      
1.4910555483639334       -0.9977114811774686      
1.5009015181522538       -0.9940231251905075      
1.9901196881293606       -1.016414228852582       
1.9787435081004232       -1.0099832959513995      
1.4789906869174407       -0.9994469912995751      
1.6007229685781823       -1.1986642417793496      
1.0063441542989988       -0.8238169747806712      
1.496865811184805        -0.9982602063750603      
1.9901196881293606       -1.030954630501315       
1.5567337829261398       -1.1896455350890125      
1.0128008343604238       -0.8238169747806712      
1.0063441542989988       -0.8258000863792874      
1.0063441542989988       -0.8238169747806712      
1.4990115061557163       -0.9938513948483925      
1.4889592504531013       -0.9931206331712699      
1.0063441542989988       -0.8238169747806712      
1.4922155759437004       -0.9960634521103895      
1.4884432013080557       -0.9964024111798281      
1.4976274248528583       -0.9953590609038606      
1.0063441542989988       -0.8279428556927333      
1.6478014539652506       -1.1907603906114663      
1.9901196881293606       -1.0146485572603883      
1.9787435081004232       -1.0038587453177579      
1.0063441542989988       -0.8279428556927333      
1.5010309815409058       -0.9976351787855272      
1.7048095362510451       -1.1907603906114663      
1.9901196881293606       -1.006705855348838       
1.5050358294849675       -1.0003184767009867      
1.0128008343604238       -0.8761444986275666      
1.5133131164939242       -1.0001198126320867      
1.4969734276428583       -0.9958563377087238      
1.7268002372693878       -1.1907603906114663      
1.4945192937062306       -0.9958219372859963      
1.4948627365174314       -0.9979547187831815      
1.9901196881293606       -1.0142166404712731      
1.619167625873913        -1.1907603906114663      
1.0088682748720492       -0.8437949219186458      
