a                   b                   
1.5622398688922092  -1.0065044524997555 
1.5577539386874253  -1.0026094783059025 
1.6450492467367608  -1.1979497923948936 
1.5566668174895908  -1.026731319190639  
1.5404689271080196  -0.9600347609130419 
1.5285763414694078  -0.9367229316275315 
1.5752488834024747  -1.0570980184522256 
1.5131266251997457  -0.9155263079817665 
1.5905094342535797  -1.0806135385478792 
1.504383296377562   -0.903176194761833  
1.54929616219323    -0.9517095018284354 
1.563000857666603   -1.0234385240756796 
1.5186232038033087  -0.9414910497084987 
1.5394235764476432  -0.9624174492489802 
1.539495680539101   -0.9647850626451766 
1.547106458910466   -0.9501653639635688 
1.5265298578085986  -0.9918624777250677 
1.5540906110286954  -1.0136054527868776 
1.5501753679019137  -0.9675389435533459 
1.5212106773874807  -0.9457572950006794 
1.5771917800490796  -0.9811505320767485 
1.5441519534579273  -1.0221165642803676 
1.5350225541174751  -0.9477606472341487 
1.5828006921357978  -1.05850947552063   
1.52437512549016    -0.9313188043469647 
1.578220646975585   -1.0642802839532846 
1.534903886336287   -0.9515745681267517 
1.5267206551733767  -0.9449815376657631 
1.5469435047362714  -0.994677216496525  
1.5634284000343586  -0.9927422927899718 
