a                        b                        
0.8646703359885395       0.46416276960635583      
0.8804933772574337       0.4401976852187215       
0.7948833205451714       0.43391094987061946      
0.8255793794477283       0.4971581447734642       
0.8760351846273275       0.49583530867399583      
0.8650168500320058       0.48166543857380395      
0.8577130989219381       0.4766449162279641       
0.9772150336046563       0.5057880749872762       
1.025607600383145        0.500248044016068        
0.8630377315661195       0.47312560134294834      
0.9641445459348802       0.973151161716229        
0.9388237922166884       0.9648693452472898       
0.8945635541854845       0.466880201029187        
0.9158112274233026       0.3989892457049358       
1.0257800803253108       0.9541617017465054       
1.0396978246624322       0.3976932919414481       
1.007380821872016        0.44262108009358725      
0.9392645332228534       0.4054723545112239       
0.8230423312335767       0.4650019169615597       
1.191629737313288        0.9726261649881027       
0.772502782137828        0.48805952471296316      
0.8237150153743993       0.4625700664705278       
0.8458400696614308       0.44169363278262663      
0.8557581743647577       0.4593268784254012       
0.9493406330645277       0.9647261820931189       
0.863495356918999        0.46110092923092816      
1.20161983864083         0.9726261649881027       
1.137382863683312        0.30035725730262514      
0.936255585338804        0.514273060940387        
0.8155061795308084       0.45667027877089333      
1.2261722438693985       0.9392552417425897       
0.8280139961340769       0.4973507958318254       
0.9277978855549052       0.5612513884212098       
0.9073316310487509       0.437741972780996        
0.938573038202386        0.3822631361480917       
0.9400763955652037       0.45380503362916325      
1.0394779581698217       0.9321112446221874       
0.04442862954804916      0.9455490474077702       
1.265060966956525        0.93886385477172         
0.8419220520442458       0.46863479592594254      
0.9611613770854939       0.3989171635565247       
1.0067757242171642       0.40935706183682957      
1.0049050041021887       0.5537487728165643       
0.9631284594994173       0.5830043904524491       
0.8634336088189217       0.4633668268906017       
0.9237142601856028       0.3570447828964467       
0.9990784760872773       0.3925675178124317       
0.8675532168698832       0.4386693734070117       
0.7948150163229079       0.9395535476941728       
1.2657377844989672       0.9534548166620256       
0.9582507204180852       0.3847038256838318       
1.0381578628417256       0.5544185975793022       
0.7774624154167854       0.524412891235814        
0.8603224007545932       0.4471925141810008       
0.9164327277494142       0.5341585745719123       
0.9777526950866597       0.5754938358634439       
1.0457017163087463       0.5434337557553127       
0.8376655309880755       0.48990634411629036      
0.8595242475198632       0.49136856172175936      
0.8243171179638539       0.4811763001122444       
0.9055303023230881       0.4809410665758157       
0.9873301889421182       0.28636868897243667      
0.9335428572968024       0.37279327006621077      
0.8851513556545825       0.5031866019782468       
0.9167023625105097       0.3786987190189721       
0.9150184788849653       0.4585268944069168       
0.9653597294723801       0.3917559084518113       
1.2150743797731645       0.8462891224322243       
0.9955971492286194       0.482250881964926        
1.3087714118043094       0.8442103507409727       
0.8545667738494291       0.5033861705601276       
0.5642905198706174       0.9656797777038306       
0.9733740599635006       0.42115748373635337      
0.9902890739343406       0.9450880304168467       
0.997567200416995        0.5318542131796196       
0.9760548054203574       0.38871592873796157      
0.9333688158609322       0.4313440904879986       
1.1960357912110904       0.9246299468745556       
0.9110103751157931       0.47716352767792636      
0.9911300350955619       0.4064584524026323       
1.0484147325314774       0.4943030155398265       
0.9515898317998783       0.5018164043946365       
1.0519500930349195       0.5852876476257921       
0.5139291368417993       0.9377552995130236       
0.9718630349903031       0.4342672680251588       
0.041168988591604894     0.9873522848982526       
0.9051769589507062       0.4966272528391694       
0.8313790617913905       0.437804085643964        
0.8410718189948196       0.4399059010143421       
0.9596945665305224       0.9614119306765151       
0.9820261479957114       0.5035829527566431       
0.8707251657677408       0.45092692309033733      
0.9152685312253306       0.49870091655550913      
0.8675795761711681       0.4978395481158144       
1.1642523103765297       0.8039947855821582       
0.9097715627450915       0.4230832950907948       
0.9739484876004          0.366663888805212        
1.077148694612494        0.9821273053210673       
0.8299273054155902       0.46863550999149023      
1.220783433409621        0.8543133224549759       
