a                        b                        
1.0489930550552269       0.42653624163814385      
1.0286884848049405       0.4328347592063243       
1.0580405407872189       0.4228766493317436       
1.114440170830724        0.4398160895988278       
1.0572676096872549       0.4254089380111836       
0.9973871821622198       0.4546581061184034       
1.099777645714079        0.4151177443780476       
1.0360621839151145       0.42848469294345404      
1.0455415884236983       0.4273762335176974       
1.0200936118140205       0.42670685438589084      
1.0313692979279343       0.43792475558060207      
1.0362842683575617       0.42093930083068887      
1.047717294775653        0.4363594828701335       
1.1065071119773287       0.379722006965087        
1.0603492409791175       0.4309277982195473       
0.041168988591604894     0.10496990541124218      
1.0620108683679066       0.45293663465729606      
1.0412864048942583       0.4404447186818709       
1.0264890789985028       0.4426794433756424       
1.0266212778329946       0.4531550562267277       
1.147246928412063        0.3433325171734714       
1.9398197043239886       0.2987090400912845       
1.0073356145818588       0.43628718918663784      
1.037419781316443        0.4367084614354768       
1.021972835858203        0.43227682464832795      
1.0400233849032494       0.4296798020495408       
0.999366171177597        0.4354727803295774       
0.9683018609670796       0.9726261649881027       
1.0062180051598115       0.46056930014012587      
1.0743421433228486       0.42585057958098377      
1.0041717881683068       0.44409120520511836      
1.660946683447131        0.10496990541124218      
1.2417398465310907       0.31044124066780643      
1.0582853785925073       0.42480321210642863      
1.1067965098075763       0.4009060684427532       
1.0257245485637563       0.44928256839247854      
1.0533036487770007       0.4216937592485891       
1.0721254650057104       0.43125046257326594      
1.023296949813798        0.44677669750189086      
1.0578029973218754       0.40246761969587197      
1.055970364477353        0.43044342150574066      
1.0127973897503877       0.4576030704520368       
1.0269850692946167       0.4402198963170848       
1.0922433701579597       0.3833458334291225       
0.041168988591604894     0.4842049662234927       
0.041168988591604894     0.45100919906344883      
1.7336880931351266       0.9881982429404655       
1.0463485121729346       0.4332151289436652       
1.071457833722034        0.41096397762549414      
1.0250333650089878       0.44889773054101745      
1.078192653617682        0.4138223638066979       
1.0540528067337147       0.4434722256353527       
1.2064271386281793       0.3604416399833703       
0.4077639885668206       0.10496990541124218      
1.0024479037070522       0.45759574598342223      
1.0485526568308576       0.4279212496443364       
1.0648041198662601       0.4124013021517803       
1.0703057713221777       0.42554141637630194      
1.0190967617543052       0.4616848266878941       
1.0501784139286516       0.44943290170046657      
1.0572600669413454       0.4462046291060595       
1.022716874970095        0.4664113679793792       
1.081564014452679        0.4061326810138891       
1.5753661768266634       0.10496990541124218      
0.041168988591604894     0.36342774402178235      
0.3633881062246971       0.10496990541124218      
1.0384270549464873       0.4433312381485125       
1.04822462416141         0.4053626130745367       
1.0519310865370828       0.42423216730887325      
1.9398197043239886       0.22953075918421884      
1.0272124021659483       0.4726802585809876       
1.9014286128198323       0.20686054952352478      
1.0393435896121546       0.43633641314218236      
1.0317230666050727       0.4407250304915532       
0.28296385705385274      0.10496990541124218      
1.1381286821610177       0.39947475677630295      
1.0889274479946964       0.39309695962961205      
1.0448480197326415       0.41575052897055903      
1.0352729149256787       0.44296707434857063      
1.0581478477672652       0.4262283197179961       
1.0547778371978018       0.4490963072193478       
1.3822404728720818       0.10496990541124218      
1.0172394922749561       0.4488726408080635       
1.9398197043239886       0.3450288921593965       
1.0728117774380574       0.43441576990569697      
1.014433917718702        0.4508264804292809       
1.0653912415112539       0.39704391979515574      
1.0502289461681094       0.4284277392146555       
1.0281013522168303       0.4201896950456929       
1.0286981472280494       0.4417836474565431       
1.1564025277202248       0.383123733693035        
1.0570508198365631       0.41965307295697113      
1.0022978186611775       0.4637134882824847       
1.0291720450315611       0.446149149089196        
1.1460829448265895       0.37512214385043474      
1.1044837943373398       0.4218398507430245       
1.0734667817412666       0.4168578535318511       
1.0849477875179177       0.40482820587600366      
0.9789238493170923       0.44607479652463855      
1.0365665772697408       0.4405360932084271       
