1.814542879863315   0.9590333686183543  
1.8145428540891189  0.9590333550994347  
1.8145428284608607  0.9590333426069879  
1.8145428303475253  0.9590333435536718  
1.8145428397520733  0.9590333481103337  
1.8145431979813649  0.9590335658599463  
1.8145428330896585  0.9590333448281716  
1.814542830142806   0.9590333434765329  
1.5515450672739468  -1.0215916790726416 
1.5450021650508687  -0.9308861424070545 
1.5461425039331118  -1.033096779406926  
1.5564861255485751  -0.9957156106576442 
1.5509914487416179  -0.9672486065719754 
1.5485878080743989  -0.9558194729669102 
1.552804109044333   -1.0189348637307494 
1.556040904280938   -0.9629852504569291 
1.5499614218723852  -0.961398709616533  
1.5466494532053168  -0.9522032228111458 
1.5749859546151235  -0.8936256502787103 
1.5749289223883423  -1.0072115268801278 
1.5763461354464579  -0.9926737570654386 
1.5288352564614962  -1.1494640864630383 
1.5572934128934546  -0.9672673239794846 
1.5618128343070314  -0.9823257441454332 
1.5507723338672341  -1.0255460566434562 
1.5671593808189834  -0.9721415283199965 
1.5545768682201462  -1.0074517093539297 
1.5460408257439717  -0.9755924946935938 
1.547426853295734   -0.9737798931816556 
1.564798961395875   -0.9811881388224545 
1.5677155348497636  -0.9669770265372896 
1.538055707104927   -0.9188023814940434 
1.5304975456967198  -0.9170411133379042 
1.5501629165289255  -0.968866671606838  
1.5568570646313702  -0.971708349621343  
1.5492321030458729  -1.0009181486553276 
1.5508615850258811  -0.9854941064003048 
1.5444591699529142  -0.9922590456695537 
1.5637662242741142  -0.9820236714766575 
1.548413656675534   -0.9203702396649768 
1.5467891731608783  -1.0017644656883415 
1.5457387724139613  -0.9142535897305415 
1.5496085727467708  -0.9327282589675547 
1.5448653554612473  -1.197791153150559  
1.5675619249455839  -1.0004282256039905 
1.5619766510820643  -0.9513014507014835 
1.5438309607970118  -0.9399975526430255 
1.5628356646369734  -0.957876487343755  
1.553327172120398   -1.0429955166913074 
1.5686660490752202  -0.9899385149851243 
1.5515250429530545  -0.9642730161094313 
1.5537732388743664  -0.9645994516078524 
1.5283805283650513  -0.9194412880775593 
1.557463875692501   -1.005672797611667  
1.538839869399992   -0.9654985742193011 
1.557903553890621   -0.9298016730867666 
1.5611798054970463  -0.9968674482207615 
1.5467530267218115  -0.9377184695175286 
1.5650834206664805  -1.0044348383920703 
1.5539250406038867  -0.9177080433259434 
1.5412895472412105  -0.9933868111982622 
1.5335886412672308  -1.0819214542838094 
1.558398263905551   -0.9779875352284568 
1.5578667669808002  -0.9620837169668034 
1.560635041530803   -0.9473497649362413 
1.5635470002316008  -0.9656098095868092 
1.5505789119316564  -0.9214435678207783 
1.5664666292882914  -0.9899414653725085 
1.5535347257778211  -1.0149410573248199 
1.5425580552151086  -0.9972545982444293 
1.5649926879053044  -0.9924455809121202 
1.5546651837653298  -0.960382270820305  
1.5432370467239627  -0.9553773864304005 
1.5560538864241835  -0.9422897899301517 
1.550576403934172   -0.9826522422722327 
1.5614107379028204  -0.9976261740560408 
1.5532629418218518  -0.9508485574940797 
1.5540243734627353  -1.197791153150559  
1.5468278215058568  -0.9797815691206828 
1.5529176783252794  -1.0122698193705455 
1.5459159701211802  -0.9357557486281624 
1.5637535156569644  -0.9797277318691411 
1.5471921216529447  -0.9643778480221916 
1.5432061428384825  -1.00474548896519   
1.5491507606634285  -0.9859727311892956 
1.542103892115887   -0.9343412995662155 
1.5377459390935868  -0.9192383838679059 
1.5569972443872397  -1.0160068569742282 
1.5440807073172413  -0.9195457955430721 
1.564420358655228   -0.944337459423684  
1.5498152186390404  -0.9794949280006503 
1.5475378444666485  -0.9363972367559149 
1.5558432739672123  -0.9895963875427487 
1.5445865395018263  -0.9537708674832329 
1.56263986055072    -1.0238392970354602 
1.5447256154400006  -0.92059039170467   
1.556420695212207   -1.0082454527460216 
1.5608301455640627  -1.0291363873975705 
1.5625780903616617  -0.9704345531701034 
1.5461209272075578  -1.0003727265121152 
1.5499568998007505  -0.9645755782362881 
1.569198432374234   -0.9246186697422256 
1.5387305810880805  -0.9370292905366934 
1.5584347858690566  -0.9877860676093063 
1.5495261312652968  -1.023165855168391  
1.5362874252908676  -0.9333447915724907 
1.5565383490140305  -0.9974806484826183 
1.5615997363695562  -0.9599975131293415 
1.5549872512370553  -1.0432486065365916 
1.5591227525896618  -1.0032853045961156 
1.553675452295371   -1.005712926490655  
1.5608140894458997  -0.9669464395264645 
1.5543890477148794  -0.997171324609479  
1.5603864307590165  -0.9649803565626462 
1.5676589925279276  -0.9403037176299471 
1.5635613948459974  -0.9725217972384137 
1.543511317360517   -0.9857363662678058 
1.555568882710651   -1.012091823510537  
1.5570510365184425  -0.9871962172277101 
1.5517789528877122  -0.9712221047075401 
1.5738670311741878  -0.9834961258669892 
1.5488184766689452  -1.0014291989463322 
1.554029989198872   -1.027327724177101  
1.5367917727775526  -0.9428300998501276 
1.532889744900349   -0.9396186425962647 
1.5695311434934767  -0.9405413562075902 
1.5654969432990602  -0.9477006502305796 
1.5603846885796393  -0.9458408247749805 
1.5511867293534831  -1.0174552991570427 
1.5507574419108117  -0.9361795517880913 
1.5643448186615734  -0.9866623456904929 
1.5615582983031582  -0.9783803446456725 
1.5620513010592898  -0.9332058129124874 
1.5436773718903019  -1.0147396262402806 
1.5643790565667046  -0.9400530404312031 
1.5417799656287179  -0.9548816685659198 
1.5491048487175125  -0.9567620383413196 
1.56122166690319    -0.9103265090897145 
1.5542381038375277  -0.9855545667806177 
1.5524712529472153  -0.9879704596704311 
1.5616714200139     -1.0141858956559033 
1.559490246255748   -0.9434738227536938 
1.5422144155783042  -0.9410843410167617 
1.563248849379247   -0.9606817765964024 
1.5524794239017368  -0.9279665073118563 
1.5515803379612563  -0.9447758288103252 
1.561581176031656   -1.0582651614114296 
1.54234602150615    -0.9463132948176063 
1.5489052939646573  -0.9384432125402763 
1.5645294620612806  -1.0040150850267229 
1.5529778557482856  -0.9440056225692502 
1.5574674627533225  -0.9603281993172714 
1.557928025183735   -1.0220909494199775 
1.5516590821775582  -0.9848758594598946 
1.5754074193107317  -0.9548610816423698 
1.549542639269208   -1.0082106294113253 
1.5585764151153367  -0.9976504207430874 
1.5484115429473666  -0.9863319724178272 
1.5619083499068953  -1.020873482991474  
1.5480227901783843  -0.9468782582772204 
1.545316244681448   -0.9708540739089728 
1.5569824265358359  -0.952303898346125  
1.5458539118534158  -0.9035233902146191 
1.5477233890475053  -1.0381335078766096 
1.5434946033849308  -0.9164799828376158 
1.5543949276545204  -1.0317484460367552 
1.5400146303287874  -0.9344399105480137 
1.5417338117400043  -0.9416018663294806 
1.556788674405523   -0.9508487114924087 
1.5506221951575125  -0.9539278844365503 
1.5542262937485911  -0.9418294934302309 
1.5509114044758205  -0.9351307367765835 
1.525914485674836   -0.9074610978230961 
1.550232818135172   -1.009272746679608  
1.557459007588347   -0.9459323952041075 
1.545564813645074   -0.9173252039850849 
1.5623787906414808  -0.9386809858491628 
1.5683845705186594  -0.966996069992032  
1.5610180252469903  -0.9824390583039471 
1.531211457439007   -0.9256585778062218 
1.5515662321019836  -0.9363375508616703 
1.5510170645393806  -0.9559432884450403 
1.5618903445554713  -0.9855047560636911 
1.5851957245230701  -0.9564043259041602 
1.5468535554902716  -1.1697385304198367 
1.5662597256593014  -0.9416524035707371 
1.5674334645293924  -1.0093203096595702 
1.5457285564152239  -0.9073547933910492 
1.5551984208375504  -0.9405926411944949 
1.5392781665697255  -0.9771430396090528 
1.5554609582280239  -0.9614013292358665 
1.5660725416983936  -0.9129436242777633 
1.5661259817876239  -1.0456049991394074 
1.550736583602687   -0.9914173367915415 
1.5587644915253769  -0.9506592134104798 
1.567993998192846   -1.0315513947443926 
1.5604534665781276  -0.9270367451283404 
1.5531599501578146  -0.9519855339002604 
1.555097629863261   -0.956486194061768  
1.5727089569227295  -0.959007697753934  
1.5455083860822536  -0.912990666677899  
1.5555319842847504  -0.9694640914538433 
1.5542376521400763  -1.05293292976346   
1.5468972238072085  -0.9941110036246587 
1.5586366519215518  -0.9388912853186537 
1.5526947657893158  -1.0008906785123934 
1.5656427121867822  -0.9541351226754561 
1.5492563588144268  -0.9369541506480233 
1.5613801889000596  -0.9982956661366794 
1.5569623582796797  -0.9600425237984421 
1.5421210032395012  -0.9419892796850271 
1.5498285648932313  -0.9230220906168949 
1.558836973186487   -0.9550612004781673 
1.5472587979789951  -0.9365973746132685 
1.5342215295180155  -0.9162156905266627 
1.5435973208950424  -0.9576737706576838 
1.5570417041293831  -1.0289308712267338 
1.5547828534152095  -0.9821335019875402 
1.549685153030348   -0.9468933572685082 
1.526163286569154   -0.9098988123550096 
1.5404640315832794  -0.9478317803788434 
1.513643593841785   -0.892041129538963  
1.5564700843224601  -0.9751898835143437 
1.5539415951172313  -0.9470578753452749 
1.541304213365666   -0.9080814479060207 
1.548986686486427   -0.984123458169886  
1.552466711683609   -1.0107278765551153 
1.5498316202704512  -1.0250577840731143 
1.5595433432249248  -0.9556518182167937 
1.5693225301670723  -0.9277490075481775 
1.554725894456518   -0.9710056301992169 
1.5445981114646976  -0.9101467298355227 
1.5445163794550576  -0.9521221942776126 
1.5351757710708747  -0.9070642642007478 
1.5568955248448213  -0.93313630087964   
1.5484630972042233  -0.9772046311772882 
1.5602553547268525  -1.0185574492957243 
1.5682082396409636  -0.9761692378471285 
1.5507983930233695  -1.0069787334745175 
1.5545451552327822  -0.9885771991384847 
1.5503475612464153  -0.9465053261027017 
1.5531536822095273  -1.0096315327133811 
1.5532750430683049  -0.9759520577950952 
1.53790517219344    -0.9380645813673262 
1.5623395079381666  -0.9925694787650774 
1.533937011704341   -0.928789631079879  
1.5472451520319674  -0.9672907424091998 
1.5158430377253285  -0.8943453367612478 
1.5396052324398593  -0.9982387538673351 
1.5550880177141966  -1.0063599198172812 
1.5609489718908467  -0.9752805230712216 
1.545311066664554   -0.926115695887785  
1.5496300892091448  -0.9838004267475156 
1.5583996690724993  -0.9742735715692231 
1.5455810960462517  -0.9070842057473063 
1.5551617567882439  -0.9647248970052901 
1.5454658431581805  -0.9353858734837506 
1.5563136663732906  -0.9828879424328536 
1.5601376439837127  -0.9511489455983904 
1.5603310065095797  -0.9587426669070341 
1.5542832316018034  -1.0269036402008278 
1.544549140859109   -0.9543291895597377 
1.5611613937717816  -0.9916691726930873 
1.5308098220289788  -0.9158537548647143 
1.5486562868506455  -1.0059978651592425 
1.5273577317359197  -0.9270924070751747 
1.5641707802949196  -0.9305457688105431 
1.5570826803346556  -0.9877648518016581 
1.548127401284029   -0.9584795222410373 
1.5435735505405428  -0.9735847609373643 
1.5509682552323047  -1.018546558985652  
1.5521584160253983  -0.9570541680805416 
1.568777128597934   -0.9906466790903232 
1.5763129725858112  -1.197791153150559  
1.554296727320228   -0.9917168833914333 
1.5513286454342627  -1.04756387084007   
1.5533648951616128  -0.9780722630224155 
1.55020365521832    -0.9741407457518291 
1.5484538689477794  -0.9291774205065557 
1.5521235653429575  -0.959241874077455  
1.5601465291730963  -1.0267755306806274 
1.5503766115217779  -0.9628403553366693 
1.5476161227841105  -0.9089331472527895 
1.5454388677294504  -0.9387910846759908 
1.544962406848113   -0.965314239795025  
1.5473359760195327  -0.9931587055141654 
1.555708537557237   -0.9428815281583446 
1.5597480027035322  -0.9426172896856541 
1.5486767296237953  -0.9641798287390649 
1.5528176824053035  -1.0046715328020108 
1.56078240503233    -0.9434460799236004 
1.5596009570031595  -0.9469837964526746 
1.5418318119206564  -0.9464766362126352 
1.5573517615984398  -0.980359368929504  
1.5563328556353304  -0.965843846670191  
1.557229002553991   -0.9706106046074049 
1.554989313668298   -0.9787775634915123 
1.5672356990816287  -0.9893660446983464 
1.5580557144599287  -0.9690046585240598 
1.5574359069734187  -1.016145336769915  
1.542064404450596   -0.9321763504093273 
1.5411048334341366  -0.976455232483384  
1.5586260252369373  -0.9614901111858569 
1.5600029926479424  -0.939535648699737  
1.5496325429603948  -0.9598054020753275 
1.5527012197205394  -0.9664861003558792 
1.5502655605739997  -0.9641377568345112 
1.5606652514785784  -0.9822654354242175 
1.5382362533603857  -0.9368345936257824 
1.5374509910920513  -0.9945841940710896 
1.5574956675339104  -0.9397298891408837 
1.553303750841412   -0.9817127196355722 
1.5573596766897353  -0.9238376805215766 
1.5586729173706566  -0.9818390396917346 
1.5509010337451243  -0.9939727713617212 
1.5566399129541992  -0.9341222829411204 
1.5625517011282828  -0.9560167894178517 
1.5472629749555167  -0.9945956930897302 
1.5467762332800312  -0.947955911000013  
1.5593147279775976  -0.9825364778048046 
1.5589381341649542  -0.9459920724176971 
1.5577174173878032  -0.9877753532871246 
1.5472579139276632  -0.9562245926041428 
1.5566433126382837  -0.9568584685311583 
1.5767268945929014  -0.991059732759931  
1.5548291318721923  -0.9673031796062861 
1.5656839617369045  -0.921598052131993  
1.551505056724237   -0.9287856479114642 
1.5522703260399582  -0.9538699759655079 
1.5507750678136132  -0.9489003569786216 
1.5591482298652604  -1.0118137228726554 
1.5387662961464021  -0.9777536548426673 
1.5368054053549112  -0.9359809116388322 
1.5543927798828592  -0.9750866846802695 
1.559963583980775   -0.9694901608323402 
1.5535406958523033  -0.9877242291922183 
1.5552655763363181  -0.9571957956533652 
1.5480558391400503  -0.9726768701787223 
1.5561225225914705  -1.0245533102887163 
1.5527674573497314  -0.9326163830357651 
1.5743801821108667  -1.197791153150559  
1.5692195338932506  -1.0112278423777459 
1.5303010923194265  -0.9131390672571708 
1.5361710349779378  -0.9292272560994244 
1.5460938144178844  -0.9389188722281989 
1.5774291191645236  -1.0060519497882956 
1.5772783204806147  -0.9961238024426393 
1.5530392892432698  -1.006783193021959  
1.5543361822319044  -1.0382100668666325 
1.5461274536814686  -1.0100984243373832 
1.5596414487145942  -1.0094848535947034 
1.5401296864151919  -0.9424783861401255 
1.5531439798517013  -0.9266786475329134 
1.5555786088835888  -0.9684348558796478 
1.5571284395404896  -0.9609972590634772 
1.5610303518803272  -0.9572384140072294 
1.5331432503980402  -0.9397868499774382 
1.527111883126846   -0.9205605633765975 
1.558333193714746   -0.9705639286599125 
1.563317375311811   -0.9796063463951714 
1.5544337301467497  -0.9356861718283432 
1.562060520487701   -0.9987932907146744 
1.5548148670239748  -0.9546003609733671 
1.5667103897600754  -0.9848413968507436 
1.5483398120986183  -0.9675211039433623 
1.5105568329465335  -0.8940171104806768 
1.5628084804316356  -1.0210307480969152 
1.5575283291755808  -0.9286327912042338 
1.5520844563645155  -1.019916017238737  
1.5716713075888769  -0.9514910838024757 
1.5649695288674104  -0.9546080087897504 
1.5451930595382795  -0.9575827379522975 
1.557910819227976   -0.9881165555484179 
1.5514037433313985  -1.0155948781363864 
1.5478481964482276  -0.957283104524751  
1.5448073321911808  -1.0181537831840473 
1.5527626578315457  -0.9179194468649118 
1.5539331954167808  -0.9888589597905255 
1.5615199954626395  -0.9805973330746064 
1.5525124699763861  -0.9542649188333524 
1.5715132909072933  -0.9977637371597115 
1.545571328680205   -0.9773248255182846 
1.5566167332276053  -0.9508780659902913 
1.5528419253966705  -1.0059205836396676 
1.551857710281916   -0.984353455084505  
1.561034349687584   -0.9517149912488855 
1.557028716915546   -0.9492627507308176 
1.5442443284295688  -0.9500353470468011 
1.5582200549250378  -0.9834285302221039 
1.5328318115575341  -1.005595527745031  
1.5415684207769207  -0.9354269203612438 
1.5578319572731139  -0.9666162180186904 
1.5650418013467349  -0.9772983592198545 
1.5447369348717084  -0.9507654963021587 
1.5323991342419954  -0.9235550285662288 
1.5609072736614737  -1.0436053207074825 
1.5390012532815929  -0.9408065306063814 
1.5406623471528726  -0.9594755366123643 
1.5320409910025783  -0.9151143878883233 
1.5529566807380315  -0.9663730000435236 
1.5671082353847556  -0.986841357704089  
1.543076799714469   -0.9864662920012158 
1.5569807559967617  -1.197791153150559  
1.5316996219660963  -0.9190053716044397 
1.5514215004616232  -0.9950788556903454 
1.55411803710573    -0.9189781899349068 
1.5609945320203968  -0.9517917529119946 
1.5712596694805379  -1.0023476385328238 
1.5488563872980732  -1.006123608111632  
1.551085995273027   -1.010273506049163  
1.5580315894958536  -0.9769330341799012 
1.5514936589889357  -0.9725502687534628 
1.5609579517702086  -0.9745572529012411 
1.536710208717758   -0.9356993604368626 
1.5280968387224858  -0.9084967681845442 
1.566178096749973   -1.0070973097028284 
1.5632166083462378  -0.9749486078632964 
1.5453435074179687  -0.9943576607567638 
1.5664430175230937  -0.9413708101277319 
1.5533869445021946  -0.9839139749226012 
1.5599927805907738  -0.9615614464771762 
1.5463091665886672  -0.9686256436807029 
1.5639376515173842  -0.9516645105047332 
1.5474822713093996  -1.197791153150559  
1.5544774856901522  -0.9723825096471449 
1.5617451333674903  -0.9520314842993687 
1.5662722200746724  -0.9141960280922454 
1.5496384990310892  -1.0191698943457763 
1.5494564053924154  -0.9612008470999509 
1.541929263941355   -1.010247393557137  
1.5637307747507267  -0.9812850867736466 
1.554637150221158   -1.0284655714694986 
1.5686390258753484  -0.9758852737048874 
1.5471376958209584  -1.0134146864935536 
1.5468038400228068  -0.9519698959203938 
1.55550914413816    -0.9541998642606867 
1.5450614881841047  -0.9603592583698086 
1.5522660677427942  -0.9208747025839581 
1.5357188054741604  -0.9125781984657944 
1.5605528566617015  -1.0131508019260518 
1.548505048901199   -0.9700041670337117 
1.5288927667675671  -0.9085756670176188 
1.5496382637977197  -0.9587583323117523 
1.5435267777588353  -0.9857019466232383 
1.5510442523369865  -0.9703046954980534 
1.550863399517006   -0.9640438203164684 
1.552888568620694   -0.9918156677505764 
1.561625544727961   -0.9605276414528324 
1.5502480210670164  -1.010259346209006  
1.5440304453246203  -0.959320626597436  
1.5477827866055944  -1.0674148228007654 
1.5727701640594989  -1.035481398769413  
1.5522060019136625  -0.9895871004876488 
1.550638249103801   -0.9631857047580081 
1.551751969135251   -0.964672200612006  
1.5244008011439003  -0.9048508301684384 
1.5428321130666882  -0.9568518878705247 
1.5499698135162947  -0.9565549227144525 
1.54261558845464    -0.9348630533584653 
1.556504255495267   -0.9421591639383053 
1.5539884067650056  -1.0616582808249446 
1.5544694761738664  -1.0463982392716589 
1.5563918886164452  -0.9419447578707102 
1.56321186503863    -0.971901302319116  
1.5551293569392761  -0.946433066890297  
1.568894765617948   -0.9845908935979424 
1.5595732383432102  -0.9921934480175286 
1.5285561146792557  -0.9141749065848883 
1.5496695366423647  -0.9737240981336781 
1.5359745705946006  -0.9585969474560578 
1.553367879644022   -0.9768862954224833 
1.5447205068861354  -1.1566222901092633 
1.561073134053006   -0.9656817009317405 
1.5404080524043848  -0.9186173397120603 
1.5362840370447386  -0.938193622298131  
1.512859290069983   -0.936548481848731  
1.5477153808009538  -0.9786751085388024 
1.5558730376891494  -0.9674980936481132 
1.5817774679404002  -1.197791153150559  
1.5559826503833696  -1.0108141746156682 
1.5586861793675542  -0.9807657018270385 
1.5655503549589949  -1.030933673050902  
1.55510719773506    -0.9463043524941587 
1.5483757947458052  -0.9970970720093955 
1.5632476321493534  -0.9314412052245689 
1.5657259891102286  -0.9562989971032121 
1.5768638205047756  -1.197791153150559  
1.5521918122359313  -0.9408741914204954 
1.5817252778804411  -0.9522747199006332 
1.5514467233153948  -0.9575569826722478 
1.5521358500373357  -0.9435528356484933 
1.5541681962071863  -0.9392304238167389 
1.552703863634998   -0.9393439974391871 
1.5713619103380052  -0.9735089057591366 
1.5551097144610113  -0.9286100012764076 
1.5481151910920132  -1.0076185802102209 
1.5604494368571495  -1.0098298544667392 
1.5494706216543603  -0.9243194711284738 
1.5551171860289856  -1.1923012825747605 
1.5534112231536468  -0.9751232018167004 
1.5495043827858481  -0.9795322210798817 
1.5614603043481459  -0.9643750511701712 
1.556217116979752   -1.0406522779927387 
1.5597649070332733  -0.9739317740833164 
1.5460562232521193  -0.9972425674153835 
1.5377759312023538  -0.9604408764216187 
1.5422727156159182  -1.0020673555747857 
1.553659393984857   -0.9413506088138264 
1.5755122497421563  -0.9215836789595652 
1.520595117047936   -0.9040820004646419 
1.5440125741824298  -0.9095832413014834 
1.5563914621202568  -1.0225231135674806 
1.5491865345967564  -0.9438910468729361 
1.5509773386726753  -1.0460646691811066 
1.545580613532739   -0.9260552147913783 
1.55936248896164    -0.9374022571329281 
1.5438999573775554  -0.9086770667433444 
1.552836776093917   -1.000540026062655  
1.5395634086290986  -0.9722293747488014 
1.5434250735514445  -0.9841559212401885 
1.5537674188454316  -0.9442913177706865 
1.5343570561717776  -0.9145163838267729 
1.5464489100466128  -0.9861326102021407 
1.5419661311103927  -0.9633235627244905 
1.5498748364511663  -0.9863080524629858 
1.5420015735676196  -0.9917800303821495 
1.5502650819834578  -0.9356300928077936 
1.5529404812945424  -0.9732648501303697 
1.5559050090102517  -0.9902689912178456 
1.5597071546245447  -1.0229592317993021 
1.5424569787592575  -0.9244178712362241 
1.5602660436563507  -0.9860221392584276 
1.5521689019936558  -1.0174989144063926 
1.544689292196814   -0.9304971218678062 
1.5558529425422498  -0.9578626191512987 
1.5503791258844424  -1.0233654317813043 
1.545670474624466   -0.9256349877059291 
1.549325118867504   -0.9810527282011869 
1.5464760862197906  -1.031874345620563  
1.5538308092402011  -1.197791153150559  
1.5569453592882456  -0.913792667431533  
1.5593755199080999  -0.9692892293641028 
1.5393943457540706  -0.9337685875609262 
1.5498368019429007  -0.9788767291288575 
1.5465877013848506  -0.9521384288476895 
1.5747438248282966  -1.0456945148203984 
1.544211480244609   -0.950865356235538  
1.5563393313289686  -0.9461919363872118 
1.5472518021055133  -0.9479108963171681 
1.5488227846257272  -0.9872209143463692 
1.5292555649307038  -0.9002639129484751 
1.5478753449781937  -0.9948795360997615 
1.5350296316350007  -0.9007650245673525 
1.562443943241756   -0.9831636313744447 
1.5658607826128843  -0.937232207680066  
1.5578230238330493  -0.9292945020954042 
1.5419923419413428  -0.9401813639522447 
1.549894159941429   -1.0239555549286186 
1.564466036148935   -0.9828770255267626 
1.5505775794138725  -0.9176522917822214 
1.551541853656754   -0.993671460296598  
1.5398797310976402  -0.9590794864030181 
1.559965921730975   -0.9672209921376155 
1.522776706491769   -0.9052198325946779 
1.5562732736467546  -1.0015750620872643 
1.5502166962039814  -0.9369334319038968 
1.5423134242074539  -0.9596289525689838 
1.5479277920781336  -1.0037509395569058 
1.5589481772161673  -0.9993905905483023 
1.5365639718729494  -1.197791153150559  
1.556356132320433   -1.0356573580506376 
1.551993773351113   -0.9337170217103505 
1.5515500291688926  -0.9251813618281486 
1.5331604857545444  -0.8993782776780943 
1.5385419842688894  -0.9293813126739848 
1.5614626309410664  -0.9931562214650195 
1.5541824964074746  -0.9516502946520754 
1.5508018187701993  -1.0330886862784119 
1.5558109144154326  -0.9559319904316605 
1.545154915597722   -0.9156148551166049 
1.5474059760936973  -0.9584475179980014 
1.5599439623712834  -1.012400707329342  
1.5677823066637742  -1.021773962801356  
1.5454808506578281  -0.987049468455816  
1.5579952566690622  -0.9881867372156057 
1.5398967275581783  -0.9345666076330637 
1.5648331820729733  -1.197791153150559  
1.5551533476747406  -1.0314874897015445 
1.5270125312387917  -0.9549922191336307 
1.5613123214457738  -0.9689303668763711 
1.5561057337590247  -0.9731010657917906 
1.5534772639155188  -1.0117524523241404 
1.5552179230703167  -0.9271127975943418 
1.5506023280343102  -0.9563742308670312 
1.5436578015180544  -0.9722723724547302 
1.5564611951183627  -0.9771674992168484 
1.5535574314801335  -0.9502444272715044 
1.5438790130901474  -1.0123391571626452 
1.5299852734473356  -0.9189380970705243 
1.5408628418759067  -1.0056371452644943 
1.5508907241779513  -0.952065724914486  
1.5578212073177267  -0.9848079396162344 
1.5591568160096922  -0.9794762480551837 
1.5551515197864683  -0.9424483323187209 
1.572514629438181   -0.9336234219173403 
1.5321931158597093  -0.9098336586294298 
1.5647667656463655  -0.9513070440406217 
1.5304508412271403  -0.9155438375884408 
1.549266119474935   -1.030532916039829  
1.555404825653671   -1.0115214217579205 
1.5433895978566359  -0.9946057758376344 
1.5419887290443623  -0.9327698509354115 
1.5480130234273963  -0.9047496607262406 
1.548299343735496   -0.9613956336951616 
1.563981278455391   -0.9942711050024904 
1.5562639506846871  -1.197791153150559  
1.5410926448215123  -0.9568425702816278 
1.5437973451437934  -0.9713721613731587 
1.5608833085041864  -1.0422863889419465 
1.5626618123337834  -1.0218593404744443 
1.5503536441776462  -1.197791153150559  
1.5542374829117243  -0.9714237596474428 
1.5451845138434814  -0.9335321122447043 
1.5693278587803017  -1.197791153150559  
1.564088508417101   -0.9648921358927498 
1.5386950278198281  -0.945628918192216  
1.5503579416399125  -0.958668037994888  
1.5711823815367056  -0.9990672648535583 
1.546261704842364   -0.9459320358174939 
1.5573913005487268  -0.9626436758172213 
1.5550013803863283  -0.957393300659697  
1.5468154193814736  -0.9369596690957094 
1.5549250369174892  -0.9596364044489029 
1.5670203990574663  -0.9710994142023892 
1.566557359794961   -0.9466089317191364 
1.552371202633018   -0.942648400843812  
1.5577532610716218  -0.9931108593713187 
1.5564442291766294  -0.9767400858441035 
1.5477941662288441  -0.9522980596181602 
1.5599584566553446  -0.9692810994831961 
1.561152811534165   -0.9866223660977245 
1.5447941659016478  -0.9755124445235013 
1.5830914245995966  -0.9533837888840261 
1.5714577871271986  -1.0140055826924697 
1.5449175410701075  -0.9631711132881461 
1.5674881708489963  -0.9612789940581187 
1.5630352448606875  -0.9346258875514144 
1.5467121014291378  -1.0279089081782646 
1.5437373947795439  -0.9558607180085626 
1.5500067600933758  -0.9546606074472597 
1.5505921110496874  -0.9748754746704492 
1.536904248472672   -0.9190333305013553 
1.5531023107717048  -0.9674396540138326 
1.5626785240085568  -0.9290710757163938 
1.5590467659553782  -1.060007481313558  
1.534467452968611   -0.9486624474174512 
1.553547571447642   -1.008316901260794  
1.554345956318407   -0.9894914411589512 
1.5638676248571874  -0.9718692242829553 
1.565386280801169   -0.9409628653996881 
1.5606393788827362  -0.9844486034845161 
1.5563475249639884  -0.9893633595302717 
1.5631456667243346  -0.9770208529742742 
1.5545760637567536  -0.9745403507657647 
1.5639157836857727  -0.9767441226187066 
1.5617979986762707  -0.9243779893414957 
1.5560081672434665  -0.9607497096542887 
1.5630532701601119  -0.9618971280149518 
1.5253410686265376  -1.197791153150559  
1.5676796841056333  -0.9494215655990488 
1.5563290322756593  -0.9780485483087956 
1.562769799462801   -0.9750499561109978 
1.548380081597045   -1.197791153150559  
1.5311923891795258  -0.9201183313286576 
1.54593572724245    -1.0245369988218442 
1.5929480680603831  -0.9745978346953417 
1.5476479062703759  -1.0072168938118162 
1.542085071193707   -0.9346217631885514 
1.5464196603948528  -1.001642204440271  
1.5526708479850457  -1.0124968562709835 
1.553402210730853   -0.9761727299696835 
1.5583076657346664  -0.9569616377748852 
1.5608028664336975  -1.0069443875556725 
1.5549600128618768  -0.9878885274905903 
1.562594453609276   -0.9934709452080887 
1.5595192591357239  -1.0027265196212682 
1.5497155600209984  -1.015201595296271  
1.5508213829247963  -0.9212547990333656 
1.5592987075116407  -0.9542349527101284 
1.564008302008816   -0.9646281065914674 
1.550273197876265   -0.989497773263709  
1.5512968857498721  -0.9283840985407374 
1.5511769718127928  -0.9758974172877564 
1.5342194185671942  -1.1793361317865878 
1.5466947120051815  -0.9163941496311674 
1.56160463342055    -0.9593303657592493 
1.5548835116117503  -0.9797328414848603 
1.5276068168194703  -0.9222634063883335 
1.536234612257969   -0.9321925411852209 
1.5553704151577044  -0.9865024029886781 
1.5498614587106234  -0.9303448210569609 
1.55070050886566    -0.9856082816436932 
1.5458252956914307  -0.9395588344224122 
1.5621068105700204  -0.997283339060013  
1.5606891537263097  -0.9361444766807361 
1.579206768508776   -1.017426453234123  
1.5538843522406331  -1.0194640818235272 
1.5499207961533603  -0.9717451603644017 
1.5328433811720152  -0.9175370141920671 
1.5512270406245732  -0.9367916792813209 
1.541008424905261   -0.9324230999753719 
1.5574940671862865  -0.9737352430892688 
1.5595711614784733  -0.9503001911691976 
1.5671529735225127  -1.0059809976686471 
1.554926146787958   -0.9519415454026049 
1.5520121145700285  -1.011726319205927  
1.560752879997189   -0.9950467680339242 
1.565261835193127   -0.9650435984024335 
1.5689529830551896  -0.9907247886819663 
1.5569612427511863  -0.9397523749860281 
1.564749904618939   -0.9226851095923304 
1.562254224074373   -0.9498531281953888 
1.5423226924728426  -1.0043529673587241 
1.5493201316129719  -0.960665599912578  
1.5496105968461975  -0.9418164452678726 
1.5695312212525836  -0.9825870718994808 
1.558135703012766   -0.9832491678633631 
1.541922243910949   -0.9071503751866559 
1.5531345698508918  -1.0011322975505212 
1.5432502628577862  -0.9201373149280098 
1.5462331380449317  -1.0186280949719988 
1.5477443592257758  -0.9847643003957648 
1.5331654102742558  -1.1803250152757663 
1.5496665986400995  -1.0671324404530815 
1.5390607033643477  -0.9054177907836471 
1.5446556165370051  -0.9793335033423828 
1.5405372998362998  -0.9567521093470701 
1.5505739953625006  -0.957475932890381  
1.546719108995336   -0.9528140526019795 
1.5431095301184383  -1.004481876030915  
1.5488888928584053  -0.9815341279813521 
1.5363556784299208  -0.9427552928963867 
1.5618307825911568  -0.9846151481434832 
1.5506644597450225  -0.9828802658551389 
1.5623120872686969  -1.0098897685228814 
1.55466465408552    -1.0005796372066487 
1.554336042729761   -0.9822430680002064 
1.573457189982897   -0.9511911983602375 
1.5554983003710279  -1.0123081815528678 
1.5610375675107684  -0.9881868347404102 
1.537938922284965   -0.9269134947488525 
1.5083410374586221  -0.8873588586054655 
1.5612731085015488  -0.973991591570828  
1.5421079032905298  -0.9876242261565581 
1.5450096600318513  -0.9983201625676142 
1.552049858441512   -0.9696247892028429 
1.5557925040848026  -0.945672169630244  
1.5515079697022771  -0.9632887446476872 
1.55428700322816    -0.9757766213900532 
1.5627679719089722  -0.9380930316108351 
1.5459341258220471  -0.957793531986888  
1.564730845025223   -0.9780896634089496 
1.5304518759347208  -0.9146380238524069 
1.560416241264393   -0.9505713765485715 
1.5544769590241094  -0.9461962655752065 
1.5538866691803304  -0.9592012484323982 
1.5586693731722883  -0.9572398349649855 
1.579711436716188   -1.0126810345020862 
1.551988255920826   -0.9768578478929231 
1.567517497697859   -1.197791153150559  
1.5295097973667637  -0.9203765361318681 
1.5408198022509794  -1.0118177491301432 
1.53949927456864    -0.9992642577387142 
1.560891344127261   -0.9919061762950103 
1.554396339665611   -0.9311351958038468 
1.5543879513714896  -1.0055496568469553 
1.5735947364377894  -0.9699436978333803 
1.557792711782092   -1.0231651314149737 
1.561212309861207   -1.0249626788965724 
1.5624137726804652  -0.9710708883546684 
1.5614775553439966  -0.9687950578645138 
1.5533924883456012  -0.9950721331238238 
1.5675626773921911  -1.0034738114829684 
1.5289137940266673  -1.1626448749381164 
1.554428906760972   -1.197791153150559  
1.567791437219341   -1.197791153150559  
1.5532611597574042  -0.9739008280648801 
1.551518092685531   -0.9122192532465563 
1.5540303940637448  -0.9143798861359405 
1.5247610028913468  -0.929756595706428  
1.5539830593830097  -1.0548589900341352 
1.5547381565423986  -1.0346902722174454 
1.5630236169492668  -0.9923483153284407 
1.5594896502281752  -1.0668575585810856 
1.5562907898737797  -1.0365507564449978 
1.5564138237520628  -0.9697175605790882 
1.5400138898121352  -1.197791153150559  
1.5487499239633384  -0.9322915660920021 
1.561958263561809   -0.9942894386374661 
1.5489420012863393  -0.9920950624057928 
1.5578361530209994  -0.9481194603837678 
1.5748331770115604  -0.9387242343365108 
1.5564321475931844  -1.0077546031311533 
1.597312499635332   -0.9269429241228525 
1.5467192235076566  -1.0109347035736116 
1.5309219939854173  -0.9337074281972033 
1.562945705630655   -0.9625788513380444 
1.5572011565189186  -0.9790891957559019 
1.5182054757501255  -0.904530895464031  
1.5464864955584963  -0.9642414807146756 
1.5645373177613622  -0.950546239280257  
1.5602127659261655  -0.9790162089907567 
1.542648049663118   -0.9462000444463603 
1.5724031588377154  -0.9714404489642753 
1.5631252476255706  -0.9895362879566479 
1.5487893455492607  -0.9774122063707826 
1.562740600893557   -0.9571471612826585 
1.5483713347368746  -1.0017127449927956 
1.5648995356868565  -0.9767956460263151 
1.5523829206297113  -0.987427371425473  
1.5344437504996806  -1.1882558713641922 
1.584300647559965   -1.197791153150559  
1.5632585252893596  -1.0165780348199802 
1.5527813782268456  -0.9706038576100653 
1.5697463352071883  -1.0240407188613831 
1.5311926362029047  -0.9369136243081176 
1.575788409356434   -0.9761232932053033 
1.5564229773501774  -1.1975647749046763 
1.558446004691072   -0.9849168337112147 
1.5464581647222921  -0.9727053650492015 
1.5771888365479516  -0.9802393150132825 
1.555864954862003   -0.9368780251118757 
1.5536529231271414  -0.9632255476882351 
1.5602965771606103  -0.9347390561095581 
1.558552759893892   -0.9673135090641142 
1.537430396796664   -0.9192503878474488 
1.5507960462352737  -0.9463697591661244 
1.5568132751710966  -1.197791153150559  
1.5426033977863582  -1.0314687301525582 
1.5532617875416028  -0.9446477763491037 
1.5403394821178957  -0.9525804276301776 
1.5556285490291974  -0.9797920900944685 
1.5560800928235097  -1.0107737584503245 
1.5571904472208304  -1.0301743180021068 
1.5529323160002506  -1.197791153150559  
1.5666324148132136  -0.9526470557242654 
1.5543353134706734  -0.9841428520722978 
1.5487468955849355  -0.9696989847088467 
1.5525230647121764  -1.0250533996349613 
1.5713594173353052  -0.9488626219633657 
1.549436803569297   -0.9518813623652597 
1.5500738741681035  -0.9816065402759908 
1.5615618468046626  -0.9767547064568769 
1.5635213935026342  -0.9322768724551065 
1.531334909040761   -0.9146455502443734 
1.5516371802693105  -1.0192640680949185 
1.5323427944159607  -0.9497099432761038 
1.5395224388150701  -0.9365824908831388 
1.5593452293729384  -1.0171459883713885 
1.5577274365420524  -0.9624827019977763 
1.548916434900577   -0.9472072464986446 
1.5466946543265747  -0.9849455782722147 
1.568530807744368   -0.9736337768884549 
1.5601917446235827  -0.995845698597864  
1.5548097020472595  -0.9885341104711435 
1.5567406050801023  -1.007318320039768  
1.5514552401214456  -0.9361779192018568 
1.5625405682670541  -0.9758050486276031 
1.5592230989437081  -0.96866612079136   
1.5586794165155298  -0.9689993673306417 
1.5403823784899873  -0.9301723050874423 
1.5806216669744266  -0.9242221826397602 
1.5426650977191922  -0.9376920574746532 
1.5380702589137405  -0.9336212645701437 
1.5406061421951314  -0.9186190674764312 
1.5402877410197702  -0.9868729880315846 
1.5405404777491105  -0.92715619639855   
1.5459246045243586  -0.9954004156225232 
1.581960326023121   -1.197791153150559  
1.5561822054819685  -0.9722971433900746 
1.54624699312651    -0.9380456550952854 
1.540971555559121   -0.9553190804374533 
1.5523747025063697  -0.9962219185146407 
1.5501201252608792  -0.930148915462643  
1.5585905620668659  -1.0151558138228312 
1.546988204808916   -0.941060637017474  
1.5543711471068176  -0.9515053561052906 
1.549761484423002   -0.9461278726334371 
1.57019824988097    -1.197791153150559  
1.572198836181701   -0.9645843829187303 
1.551963205020271   -1.0645862827874788 
1.5489199776192033  -0.9790802164749294 
1.5567683264482495  -1.0579738484584968 
1.5291493932940596  -0.9395006769251073 
1.55121514268299    -0.9803706455490493 
1.54642303805721    -1.0004749358706195 
1.562319980753528   -0.9389611234183406 
1.5669871490320526  -0.9626982315090209 
1.5556587944700506  -1.0066397759721164 
1.5310738703080764  -0.937232104486311  
1.5642273775549493  -0.9355611985767465 
1.529893792778517   -0.919270202524519  
1.5484665687304242  -1.0263240234050874 
1.548642751255198   -0.9511672088446326 
1.5299906652169566  -0.9324447102454685 
1.5453145331094467  -0.9571226376271993 
1.5627770964087764  -0.9411322404306337 
1.554195888288241   -1.0155649614675433 
1.5478951361053535  -1.0037283331900404 
1.5622478780811793  -0.9736802838496555 
1.549105054816838   -0.9378008901307552 
1.5450274878700812  -1.0032954115502377 
1.5618528356950854  -1.0984209227138084 
1.5481414812461638  -0.9984399865284747 
1.5632189380314079  -0.9892116233488714 
1.5404586720363962  -0.9388206067321794 
1.556142354718679   -0.915706768051474  
1.550723852054319   -1.000828985571594  
1.548240550790308   -0.9408212778341883 
1.5500565427884034  -0.9595045632220627 
1.5445382883514824  -0.935558863489684  
1.5295913530200356  -0.916166756063093  
1.5458921278215834  -1.0556104443580538 
1.5452067993750713  -0.9408395117325925 
1.5537559139884578  -1.0252988730591563 
1.5488182115927052  -1.197791153150559  
1.5538601683386322  -0.9501625675743961 
1.5532874541122688  -0.9441523269241069 
1.5510243652832199  -1.0301463029855251 
1.5595385485180793  -1.0195361388450128 
1.6063277230089048  -1.1862445915539126 
1.5464240247003425  -1.0097124110680915 
1.5357402546627072  -0.9177151875037535 
1.5452410360911222  -1.0081315463430804 
1.5629363144536264  -0.9855047970296386 
1.5663904414406473  -0.9727555445545476 
1.5517575190544215  -1.002082122450821  
1.5586750973325503  -0.9708487315779312 
1.5455931162541263  -0.9377872879309014 
1.5219229056367647  -1.19586092845046   
1.5349565260994635  -0.9243453488756109 
1.5580064157721383  -0.9648901515281325 
1.5335417227619768  -0.9219488232602061 
1.5547847540506066  -0.9448601194864383 
1.5427775662433894  -0.992219487785728  
1.5268492162560736  -0.8893160826978789 
1.5649063325398054  -0.9590924414563826 
1.5609422535250224  -0.9882183771874683 
1.5502518088666803  -1.0109549782822485 
1.5351847545238628  -0.9224748862834725 
1.53950602732402    -0.9068029627623537 
1.5434787061938566  -1.0088800261898436 
1.5609936458786269  -0.934657568628144  
1.562764777530341   -1.023318108835644  
1.5555584890093335  -0.9463884134621703 
1.554113062812448   -1.0527255704002327 
1.557296713063716   -0.9470958065062487 
1.5476853172731129  -1.0265408061639154 
1.5435652406837983  -0.9448832067229334 
1.5540465558349028  -0.9846617832484846 
1.5593777892782508  -0.9684764776973073 
1.5627778344401144  -0.9687260353733547 
1.5485397818966469  -0.9822802303680066 
1.5701657077395672  -0.9347284489592688 
1.5627051570803785  -0.9346752305864691 
1.557161882475786   -0.93560535899116   
1.5596298447932704  -0.9582250934698722 
1.5461120081522546  -0.9528484445859375 
1.5613053650218984  -0.9512826285891757 
1.5478111969839394  -0.9945661879467335 
1.5358622354341482  -0.9524284233056614 
1.5568692271805986  -0.9976252470762815 
1.563302314794571   -0.9887793645036219 
1.5250294667579831  -0.9241901997181916 
1.543651366591893   -0.929089639582414  
1.544190446796709   -0.9373948939917809 
1.5187450990680846  -0.9551763153739279 
1.5634157970356486  -0.9887900600127512 
1.5558915312062094  -0.9337081611427916 
1.5704588264304091  -0.928293798939547  
1.5563216817562173  -0.9914988314369222 
1.5410396221630773  -0.9433386483795618 
1.5662695192757428  -0.9746608214238875 
1.543848982134271   -0.8915609577407629 
1.5542807555955653  -0.9931829310141259 
1.525784724793673   -0.9253992200352857 
1.5425945658725233  -0.9219329046864886 
1.531018542105917   -0.9198000445109747 
1.560722250273164   -0.9900234247973005 
1.5601378028734818  -0.9775681738307174 
1.5479948453142038  -0.9414744132570874 
1.54566249496319    -0.9721370499207921 
1.5408369400105337  -0.9303995917436739 
1.5442703656330004  -0.962448771815224  
1.5520609768782552  -0.9554509185009499 
1.5549777616888676  -0.9650490460058229 
1.5514980474196967  -0.9745721297483783 
1.5785782394962868  -1.197791153150559  
1.557976737113307   -1.0212106391293096 
1.5265061768194055  -0.9250254668780936 
