1.9398197043239886  0.6011650259929229  
1.9398197043239886  0.6011558349473444  
1.9398197043239886  0.6012371492746625  
1.9398197043239886  0.6011674841754848  
1.9398197043239886  0.6011674085702923  
1.9398197043239886  0.601164071984032   
1.9398197043239886  0.6011664387193307  
1.9398197043239886  0.6011674134034642  
1.4989054028950137  -1.0022353539764635 
1.5004418416072178  -1.0009056925773372 
1.498684994162719   -1.0001343111659533 
1.4994746121944902  -1.0001230238811512 
1.4995674250658715  -1.0002884277855084 
1.4990856214353312  -0.9981565751348064 
1.499180016156034   -0.9994346804587754 
1.4995138300069024  -1.00278741155966   
1.5009965424683929  -0.9979290699581987 
1.4997275265085688  -0.999101787805627  
1.5004214468713486  -0.9951974190055156 
1.5013280542396563  -0.9992229204623992 
1.4997064941629576  -1.0002329945591155 
1.4992404200617737  -0.9990651910132564 
1.500758598310064   -0.9993871811553439 
1.5007875402402082  -0.9990393222947165 
1.4991997386906453  -1.0010795343019308 
1.499562561054359   -0.9995890478327027 
1.5002166403590562  -0.9967632004121192 
1.4995420623317925  -0.9994196282378034 
1.5005472900265857  -0.9990683477929099 
1.5006993306011462  -1.0019701673993624 
1.5005154276241175  -1.0006163885393078 
1.4992889746369829  -0.997780279364767  
1.5021393891201826  -1.0027352933083151 
1.4999077492898991  -0.9997802027059693 
1.4990823900316756  -0.9967931842207712 
1.4995619079710016  -1.0016443134291944 
1.499097180243556   -0.9998551970740539 
1.4991333627499757  -1.0006863467596174 
1.4993493993418252  -1.0011447952141368 
1.5006108881276663  -1.0038575863813886 
1.4991577234882443  -0.9999553302534261 
1.5000107701963734  -0.9996058643155964 
1.5001587863646006  -0.9987131939079712 
1.5010692516211768  -1.0022799374475537 
1.5007338531888856  -0.997673702630012  
1.5011106060583403  -0.9997340752688738 
1.5005831352420402  -0.9993350207806576 
1.500808558112836   -0.9964561764007412 
1.499827318833184   -0.9959410430027398 
1.5005295918730714  -1.001201464701148  
1.4994673167606904  -0.9975604062813113 
1.4995982251539803  -0.9971863953177665 
1.5005761017866035  -1.0014829766210758 
1.49908013254827    -1.0003445891341738 
1.500101644084687   -0.999516518081276  
1.4996388213731702  -1.0034954229700215 
1.5001724341689484  -0.9977676368448204 
1.499051777270044   -0.999324292187785  
1.5004097829513225  -0.9990830057503497 
1.4996698516730806  -0.9959212900143136 
1.4994102450666404  -0.9992464486749385 
1.498195948428587   -0.9987064664404494 
1.499409682046191   -0.9975112974644547 
1.4997683603850651  -1.0011286945956788 
1.50071149473499    -1.0018547148359889 
1.4992667486971354  -0.9978807199251755 
1.4997639701491727  -0.9945236151913843 
1.5008872130422324  -0.9979158526922166 
1.4992072106061616  -0.9988164608996191 
1.4990483398530927  -0.9990086853241782 
1.5006963264683433  -1.0009226145901284 
1.4997839218023783  -0.9985660964850911 
1.4995464795469595  -0.9997057208192617 
1.5002755529985572  -1.0008126873847512 
1.4991625508159172  -0.9994207849519906 
1.4990201584489442  -0.9982252285973955 
1.4987324572963643  -0.9996205277447557 
1.500893790958814   -1.0001635499296346 
1.4994246364656636  -1.0030254649073078 
1.4990334035017174  -1.0003317631497506 
1.4992769440575942  -1.0000923658108205 
1.5001899691848917  -1.0016256721977088 
1.4996898771050824  -1.0000399811438467 
1.4998694861984343  -0.9986390294078673 
1.4993223599791998  -0.9982781148486939 
1.501002252214221   -1.0008893987921677 
1.4989550609378923  -0.9991076869722161 
1.499112967472773   -0.9997767489711776 
1.5013028954591918  -1.000368619071356  
1.499673422522958   -1.0003435026106113 
1.499232228675609   -0.9994400183713027 
1.49989038287264    -0.9945419750113178 
1.4996638380375427  -0.9987890422335691 
1.4985804367040627  -1.0007715818201488 
1.498658799952731   -0.9953928884135899 
1.4985059128146143  -0.9956459700790875 
1.4992302733378338  -0.9988135391687484 
1.4997625682256375  -1.0006929029505367 
1.5000439103106713  -1.0011779665314373 
1.5001417989585926  -0.9975178068702828 
1.4992166978622625  -0.99917081129643   
1.501237329344305   -0.9991262721459134 
1.499778040747931   -0.9977175891696696 
1.4999330737908614  -1.0017109543342548 
1.4991257808586775  -1.0008229048349184 
1.4999552125650824  -0.9961741010187549 
1.4989441040620557  -0.9979039866158506 
1.4990512206640554  -1.0008393661977122 
1.4994139072954273  -0.9996541587739016 
1.499273688370323   -0.998751898448205  
1.499700652099994   -0.9984478640818925 
1.499886927698753   -0.999457040046975  
1.499331053589682   -1.003768957493349  
1.500281155010333   -0.9987567930701012 
1.500800978049823   -1.0022898316385485 
1.4998510507901803  -1.0001690982749905 
1.4993181836301863  -0.9982746288154202 
1.4996778762431158  -0.9998761363523615 
1.4994448878612752  -1.0005729794497962 
1.5008313867796568  -1.0003005303387789 
1.5002338443992198  -0.9986334680376673 
1.5003572787100965  -1.0012965798378137 
1.498481551236822   -1.0004723053190656 
1.499040473124559   -0.99535334648268   
1.4999902623145809  -0.99747005119264   
1.5001481903246143  -1.0000994800846423 
1.5004552006829859  -1.0011602931060317 
1.4994206373878352  -0.9991790395305727 
1.4982460564160776  -1.0001642103671748 
1.5003395690199792  -1.0016706706293697 
1.501002021720781   -1.0008757598080509 
1.4991293434369692  -0.9964830717068198 
1.5005350490716167  -0.9997049865156379 
1.4994914379920377  -0.9990761914463013 
1.500516953947452   -1.0020181149595975 
1.4993829393090539  -0.9994132816790571 
1.4983210682790633  -0.9997809437257159 
1.5014295020283979  -1.00713019317009   
1.499836439521425   -1.001011859597391  
1.4998058691714808  -1.0011134032183338 
1.4995420613914847  -0.9992638705959735 
1.50007530304772    -1.002350632189036  
1.4991256504369637  -0.9977177679566352 
1.5002519344251042  -1.0014492406076239 
1.5001913878264022  -0.9987581266296749 
1.500548336711256   -1.000345052944069  
1.4985175726566542  -1.0004358243473528 
1.5007751165585346  -0.9993273913848585 
1.4990879835920123  -0.9975993334216777 
1.5001995799248304  -0.9986498093753441 
1.500152397751372   -1.0015472201136462 
1.5010925153052084  -0.9983249604023811 
1.4995036971601097  -1.001663005427605  
1.499999974549241   -0.9995419896387301 
1.4996120318772466  -1.0004938548353746 
1.49875226504223    -1.00096884675409   
1.4992120404072273  -0.9998419885333582 
1.4990170589518452  -0.9999971919923529 
1.4989036313906854  -0.9985045492007917 
1.49968781094739    -0.9979074897687219 
1.498847037287772   -0.9988834556229412 
1.499656620438654   -0.9993703945058103 
1.4995494456340226  -0.9960591999772951 
1.4988852438883395  -1.001258803821321  
1.5009382778544278  -1.0029288856411065 
1.499643601265025   -0.998415476206692  
1.5001426016935684  -0.9996281515473847 
1.499804642235627   -1.0005925299333578 
1.5003632908187423  -0.9996680461187617 
1.500422540353574   -0.9983499115791932 
1.5006848648530917  -0.999838311320328  
1.4994322693074256  -1.003004258228799  
1.5004901701061217  -1.0044716029052716 
1.4997071894529468  -0.99892631258143   
1.501242045962479   -1.000109877666723  
1.4993175865814858  -1.0009505172803526 
1.5001728498160127  -1.0009174845583904 
1.4993734258809919  -0.9945034094512807 
1.4993812997255973  -1.0001619456192674 
1.4995507601692561  -0.9996353840822984 
1.499987893869777   -0.9996513853633227 
1.5000565094097054  -0.9987217262762655 
1.500040946406857   -1.0018378204494156 
1.4999936213742948  -1.0006133519530194 
1.4991912006458905  -1.001627343931834  
1.4993771948634986  -0.996913760571076  
1.4991343066879435  -0.9996796749778251 
1.5006908286782121  -1.005312027337648  
1.4991196727769664  -0.9999583661555871 
1.4985966647187932  -0.9986114797725827 
1.498781152176855   -0.9982282838226    
1.5010868923631235  -0.9994651919635289 
1.4997065337652677  -1.0021064809668003 
1.5004910896752521  -1.0006586909294035 
1.4990013703616543  -0.9980172604925706 
1.499435721321399   -1.001327421306052  
1.500395861380682   -0.9982968274356071 
1.4999244476176785  -0.9974936491018264 
1.4996917467793227  -1.0003389716147622 
1.4996363249765414  -1.0014441609393065 
1.500471381124755   -1.0031701923505487 
1.5013281525096784  -0.9984488189503864 
1.499502482064284   -0.9998013084734048 
1.4984247381382823  -1.0008725801717004 
1.5006003666628922  -0.9999696910377036 
1.500389697126977   -0.997692111207447  
1.5009447952032875  -0.9990918981403466 
1.4993099449381488  -0.9985060393815102 
1.5004161335000532  -1.001439408581475  
1.5001731661948805  -0.998509933725847  
1.4999929071587563  -0.9971400906281147 
1.5004353485308362  -1.0021591301289416 
1.5001715206222364  -1.000556886196141  
1.4989050004773457  -1.0014012401304426 
1.4999727779551086  -0.9968783810722651 
1.4994663513193487  -0.9977580603070357 
1.4991048360826265  -0.999129767498712  
1.4982270886148297  -1.000867073437572  
1.500485409433374   -0.9998425540710433 
1.501331500935046   -1.0020717297164428 
1.4999185889611486  -0.9976461862603195 
1.5011887743120733  -1.0023295868054074 
1.5000253742460872  -1.0003930600544435 
1.5004310596674375  -0.9997926645915901 
1.5010716321973343  -0.9999014914388692 
1.4993654716200566  -0.999813652993245  
1.4994252616367436  -0.999368249776027  
1.4986322866345656  -0.9991827845235869 
1.499534479752262   -1.0003103683869201 
1.5000114174054613  -0.9980796278242613 
1.4993074198247844  -0.9979244318386472 
1.499174395596939   -1.0009502749397368 
1.4994347549030511  -0.998426826218042  
1.4987374063723793  -0.9930199683964738 
1.5006975779617755  -1.0021131199402225 
1.4992820464363592  -0.9979715049384178 
1.4988857129249855  -1.001546552369222  
1.4992210286027126  -0.9962785792914909 
1.4995833624731636  -0.9982106810333453 
1.4994285563610732  -1.0027379363762996 
1.5007681380260474  -1.0007541775706266 
1.4999231827794832  -0.998973042144067  
1.500281465067122   -1.0005475151142709 
1.499000138431816   -0.9971680350040146 
1.4999967798699196  -0.9977931076212601 
1.499530828918563   -1.000885094341112  
1.49934193508308    -0.9978521157600645 
1.4992950435042092  -0.9934337814071265 
1.4983799196577177  -0.9971037203732308 
1.4987422225440086  -1.0003941789180546 
1.5002847249436049  -0.9983131488143848 
1.4989396490139641  -0.9962827499478649 
1.4994922140282982  -1.0009045124731215 
1.4996660375867317  -0.9999628462326857 
1.50144974498546    -0.9997344234890339 
1.499764623133677   -1.0003155409343054 
1.4988173047730686  -0.9942909181119429 
1.5001003809148674  -1.0000417828559875 
1.5002237811038124  -0.9990962429005522 
1.5002357311448051  -1.0015072052077834 
1.4996013961263008  -0.999271117981647  
1.49970201696496    -0.9963830975198888 
1.4996338491901473  -0.9987281855004179 
1.4992748446983966  -0.9956406652572126 
1.4994778405153635  -0.9995648559833232 
1.5006582675942395  -0.9980643108375424 
1.499804951579626   -0.9982424051881311 
1.4983139643619654  -1.0004020233825925 
1.4987175584768246  -0.9974085738098135 
1.4994923615311029  -0.9985820090756528 
1.4992756248746844  -0.9987948940992019 
1.5007776085539863  -0.9989402042511574 
1.4998564582187621  -0.9997611935216192 
1.4996660385305147  -0.9966594770481971 
1.499250197912545   -0.9983704388141128 
1.4990029499839352  -1.0030929457079754 
1.4985937232252702  -0.9991705715760033 
1.4997389642669814  -1.001090891837351  
1.4996707978230772  -1.0015777539590032 
1.499140323234736   -1.0007508351046583 
1.49939006717683    -1.001274005724745  
1.499870835263167   -0.9995335083257668 
1.5023950964899584  -1.002282202243807  
1.4999336079785952  -0.9987148325609371 
1.5008864998136424  -0.999360327374868  
1.4990085886092275  -0.9982906273241487 
1.500025332697841   -0.9994358978704864 
1.500823913892095   -1.0007718039671285 
1.4990797919527405  -1.0006148232386305 
1.4998012271515975  -1.0005920242804138 
1.5006992542551536  -1.000557353143267  
1.4996461774578635  -0.9986284079448827 
1.4988657334680455  -0.9949371512885321 
1.4998249070970713  -1.0008234040561177 
1.4997891192738957  -0.9974161224202492 
1.499842611195411   -1.0007906971160478 
1.5002049315997787  -0.9993233595981567 
1.4988864031837066  -0.9972091049498726 
1.500972452155659   -0.999505305769213  
1.49872136450756    -0.9993765652218995 
1.4989775362467028  -1.000280862434485  
1.4987454375012956  -0.9978749700843581 
1.5000995069228953  -1.000259297941419  
1.5002212872039746  -0.9992844764819392 
1.5010616207714667  -0.996427506345828  
1.4998846751832473  -0.9991496497212783 
1.4993147419705828  -0.9985673725605341 
1.4987909209838763  -0.9986382626324202 
1.4999255684214812  -0.9990169707190119 
1.4989872008580647  -0.9992750614519083 
1.5012286299712398  -1.0033304257383366 
1.5007631315801355  -0.9989775396967968 
1.5003984707462734  -0.9998054194147414 
1.5002618648921684  -0.9997953093783596 
1.499595463275799   -1.0025107001180997 
1.4987518189669098  -0.9970608695093106 
1.5008082800681972  -1.0014000369540843 
1.499615317068592   -1.0011389574836451 
1.4999241198762783  -0.9990304938878443 
1.4992262425742982  -1.0017579785531432 
1.5003834566871848  -0.998457043900741  
1.499860063105845   -1.0001115320422036 
1.4998274499589477  -0.9979291517947522 
1.5003099398384856  -1.0005142213284446 
1.4996677917582404  -1.0004499574778107 
1.4999932680532493  -1.0013967814531544 
1.5002684680176754  -1.0019029489128253 
1.5002848700477744  -1.0014679484054712 
1.4987846055192826  -0.9981687263102983 
1.4994388364658708  -0.9989294111887481 
1.4994457187434576  -0.999704749064772  
1.4997667681497853  -0.9976711523043837 
1.4993993921153916  -0.9960685024569326 
1.4996126800247238  -0.9989256699185771 
1.4997729110616191  -1.0020350234868025 
1.4982763576689122  -0.9990988867604786 
1.5009536097442682  -0.997463616786968  
1.4983513944409663  -0.9965580867991833 
1.4991857619325937  -1.0011957287761115 
1.5001068792157497  -1.0009398661911415 
1.5003406228854195  -1.0005453902509198 
1.5004838089580792  -0.9999123531194608 
1.500183288482892   -0.9950106977184764 
1.5006672722266492  -0.9981680188671161 
1.5012730076469307  -0.9967198098355409 
1.500801840265077   -1.0009485304215149 
1.498901320123781   -1.0007774227401827 
1.4992612064420114  -0.9993032241771745 
1.4999593604468189  -0.9978912700242842 
1.4996417163800648  -0.9992101860859868 
1.4998337670859518  -0.9990691224347413 
1.499120484126247   -1.0000768220542218 
1.5006307059522297  -0.9993422317915047 
1.4996187939536088  -1.0017152428436644 
1.4997185998276379  -1.002428042555201  
1.4996622177043208  -1.0001712506788474 
1.4987833355436444  -0.9959175901492165 
1.4997928477208777  -0.9942509206276418 
1.5000522298508545  -0.9984073941765462 
1.4993640967839765  -1.0012225544952245 
1.498948316161678   -0.998279183939106  
1.5008942461846762  -0.9988167548825577 
1.500801442172586   -1.0005661492100866 
1.4994989738154738  -1.0003748816290765 
1.5003792569188805  -1.0000461344949922 
1.5011477636126977  -0.9988781511784226 
1.4986954449996006  -0.9997066376606663 
1.50068070305157    -1.0019107485461074 
1.4989191263896267  -1.0000285495189751 
1.5004505061496596  -1.000166357172234  
1.500806485998906   -0.9992556870124439 
1.4998266629118795  -0.9972650698825335 
1.4994509802703926  -0.9994585382994694 
1.4993710154547284  -0.9991571912345503 
1.499720259994597   -0.9994598488975527 
1.4986030232259928  -0.9995550030665886 
1.5001937515321293  -1.0021305679257233 
1.4999520862440197  -1.0015237372247985 
1.4996779130428781  -1.0001843578813143 
1.4997897872525048  -0.99978762260066   
1.4991925759422107  -0.9983129322977734 
1.4996987559754666  -0.9999904038672357 
1.5013448745259892  -1.0011298214096374 
1.4988326741498539  -1.0015199772370096 
1.500789834775959   -1.001671320181679  
1.4992777757455362  -0.9980130523661248 
1.499169793982509   -0.998056559843954  
1.4998468594892767  -0.9969453507820883 
1.4992555053436174  -0.9967206416578782 
1.4989158432761036  -0.998875815646767  
1.5001838925610302  -0.9990506026250395 
1.499719048780799   -0.9991816497239924 
1.5005507513691725  -1.0016843045664159 
1.4991600478310332  -1.000498271406169  
1.5010199644628592  -0.9958055303539206 
1.4994654077775977  -0.9998673625455025 
1.4991537928619747  -0.9995579638988225 
1.4998271376081798  -0.9981708064586889 
1.4990602107111295  -0.9976008213742481 
1.5010269003060024  -0.9986435920386222 
1.4995811086244564  -1.0015267254238351 
1.4985250330417492  -1.0032858252549046 
1.4990458967866174  -0.9962794985582177 
1.500657152131341   -0.9971232997071707 
1.4993353488893058  -0.9996741351066444 
1.5005217942014988  -0.9982915818690896 
1.4997858228405334  -0.9988666399005514 
1.4989723822843006  -0.9999424518965591 
1.4991186548238353  -0.999740093946507  
1.4991792138586801  -0.9998950098519057 
1.5000876764550917  -0.9983658193190122 
1.4991453104856234  -0.9991033432038353 
1.5013103486261727  -1.000538189526423  
1.4989024983080619  -0.9982130787695859 
1.4983366381641041  -0.9958244863491215 
1.5003333351681165  -1.0008314459265835 
1.498940502807881   -0.9972779289414607 
1.499164521790493   -1.000936371002822  
1.4999475923442172  -1.00058752298332   
1.500225489521611   -1.001247019410119  
1.498789180959663   -0.9991981089115035 
1.4992774931565522  -0.9979372322421741 
1.5004163959324202  -0.9991071989606026 
1.5002468083737972  -0.9980585093171886 
1.5001803036931958  -1.000247251045413  
1.5005832834512758  -1.0031550587644886 
1.5000535778217987  -0.998359471991264  
1.4990125027673615  -0.9994017322803389 
1.499263726605645   -0.9986139208406425 
1.4986197612979044  -0.9982730148553904 
1.4999582789708845  -1.0021461838520493 
1.498937000811507   -1.0008652643497    
1.5012149225299565  -0.9981363573007931 
1.4991827621218696  -0.9997616501125342 
1.499451858271677   -0.9966358837270498 
1.5005192165679815  -0.9992888421066655 
1.4989113658158493  -1.0004334979921756 
1.5001565847833693  -0.9989154900543781 
1.5009016011543626  -0.9992956043140129 
1.4996392723107739  -0.9977892251607337 
1.4991566958677705  -0.9992170086740768 
1.4994369772390392  -0.9923952571854653 
1.4998155411963856  -0.9985445553737775 
1.4991290031872873  -1.0029175892533946 
1.5007699729827493  -0.9988905488027673 
1.5001743388062345  -1.0013638048131193 
1.4993948531319845  -0.9998763491670075 
1.5009492434345983  -0.9992781136202616 
1.4992571468974556  -0.9999844115082    
1.5003424758498216  -0.9999779158745238 
1.4984967577923682  -0.9991611882838084 
1.5002128440303228  -0.9984853212869368 
1.4991572446967443  -0.9985157509588988 
1.4995109610560635  -1.0010260926676269 
1.5009899726181979  -0.9990097436561776 
1.4986089242530216  -0.991609126483055  
1.4997670850610811  -1.0003791451453796 
1.5002962831134086  -1.0012876397679122 
1.498697486621869   -0.9982725034859883 
1.4998210217091694  -0.9976570922222311 
1.4981721283210305  -0.9982978368185287 
1.4992822926639566  -1.0023551584443176 
1.499532368341648   -1.001419603499092  
1.4997022956490291  -0.9999055276399812 
1.5010580429116485  -1.0019194797016375 
1.5001721380182416  -0.9985809006065882 
1.4986898536294895  -1.0014010740715331 
1.4993366524307732  -0.996601455517458  
1.4991951599971616  -1.0000888098078484 
1.4989860304948803  -0.9993555715725108 
1.499987483447341   -0.9988672050789245 
1.4989287023717126  -0.999341859587451  
1.4999167732209018  -0.9992123674395047 
1.5003426179708075  -0.9957982146555562 
1.5001635220325307  -0.9978165970637864 
1.4980166554450707  -0.9950712527625548 
1.4997109504800359  -0.9985118806136581 
1.5015138983823249  -0.9999459134161213 
1.4999710326502338  -0.9999183704391141 
1.4991787563163963  -0.9993845774274598 
1.4992102918121912  -1.000098683293352  
1.4996212855901103  -1.0012813210488611 
1.4994843673771159  -1.002197168091304  
1.5005392431564273  -1.0015074733914482 
1.4998791669780098  -1.0019362568791528 
1.5003996495692076  -1.0007363654959636 
1.501511393657103   -1.0018239306682926 
1.5007055986348645  -0.9999445376345283 
1.500187774055499   -1.001645059826639  
1.4996013899112242  -0.999382601231761  
1.4995697399586565  -1.003935992729666  
1.5016442974262594  -0.9968360766440914 
1.4997621221668858  -0.9998523459530969 
1.500040132482388   -0.9992820919678123 
1.4991493659228128  -0.9981215411877264 
1.499445724259759   -0.99978050594299   
1.4997492711001168  -0.9998132027219742 
1.5003656023300755  -1.0009597492192184 
1.4993663163936337  -0.999597758987079  
1.498803466842526   -0.9982642011322506 
1.4999492824226714  -1.0006133882331616 
1.500079053273898   -1.0001961581949832 
1.4998070514083652  -0.9998791515826285 
1.4993563113446768  -0.9995823837012477 
1.4990627335177213  -0.9981372650071394 
1.49815286011484    -0.9981904605710953 
1.498444348613145   -0.9986067107287117 
1.5000907944736144  -1.0004065766722583 
1.500719547970535   -0.9998327197353313 
1.4993786146330321  -0.9978949841334366 
1.5004144776207529  -1.002323087000471  
1.4986514699255518  -0.9991113245480587 
1.4999830134894685  -0.9984762952147244 
1.4993270450163576  -0.9998181372602948 
1.5002028802741423  -0.9981472787157973 
1.500101065565423   -1.0021397511691457 
1.5013454568848468  -1.0036716687300702 
1.4992395911949719  -0.9988150298595712 
1.5001683829437116  -0.9974102440909433 
1.5006200164054961  -0.9991959035392238 
1.5010322320639737  -0.9989420277740851 
1.4999421167406113  -1.0032045802960345 
1.4990728963613875  -0.9990299205306307 
1.4985742711427121  -0.9998835624360226 
1.499633729098076   -0.9991841658278622 
1.4990794121215794  -0.9995433287635608 
1.4991186598085622  -0.9981242722990936 
1.500354809497295   -1.0003592494552993 
1.50027747146349    -1.0004858005852768 
1.4991530487558082  -0.999037732257463  
1.5000916191800895  -0.9998293837048783 
1.4992354406353348  -0.9992523426988981 
1.4988565171329489  -1.0037373608839866 
1.50017830657612    -0.9976560175179416 
1.499905884182304   -0.9973621062606184 
1.498566021346625   -0.9984006583806425 
1.50031262578969    -0.9980846242447396 
1.4995959449117346  -1.0022188004496269 
1.4983039299145635  -0.9996748338765999 
1.4997715548396624  -0.9989686906337875 
1.500064432308317   -0.99790301803414   
1.499545129919744   -1.001553237442973  
1.4999045226549312  -0.9998898804184059 
1.4990037179038547  -1.0006339968216278 
1.499713004974379   -0.9954201710064506 
1.4997329586982244  -1.0019149181206595 
1.4993342150411275  -0.997890085928253  
1.4994714041488308  -0.998560741168737  
1.4977778823169021  -0.9953815640865799 
1.5001101434494775  -1.0002722144126595 
1.4997192176082879  -0.9984497135850475 
1.4992243124487432  -0.9989762072215095 
1.50128258915239    -1.0003786313979859 
1.498982658215215   -0.999233871781494  
1.5001994378639547  -1.001037776491868  
1.4990009606202381  -0.996662348318793  
1.502238333579146   -0.9980567346988252 
1.4991763179975663  -0.9998554289340855 
1.5009031099506234  -0.9997266751640888 
1.4999620902211008  -1.0025752186813393 
1.4987630170860262  -0.9986845609220086 
1.499591778610103   -0.9962384403028361 
1.5009515574281496  -0.9992495800772903 
1.5004262342158827  -1.0068383793008773 
1.4999349758255331  -1.0023266690801373 
1.500018509819119   -0.9990366152739553 
1.4987903228221686  -1.000867098996758  
1.4987858798633116  -1.0025993991010616 
1.4987195183829827  -0.9993885563741749 
1.4995869646455573  -0.9966973922673527 
1.499200448670584   -0.9985153377055951 
1.499632697806016   -1.000070597458995  
1.500071692058288   -1.0041342377667197 
1.4992411279803233  -0.9988809126827529 
1.4998283159591002  -1.0011928764550104 
1.4994639051800067  -0.9996245225250066 
1.4996096772451095  -1.001080746766326  
1.4986319172938822  -1.0001546077919654 
1.4998542352504924  -1.0000392106301341 
1.5008441802570973  -0.9977883858652167 
1.498480790312743   -1.0015791058538868 
1.4995641111230404  -1.000020994484873  
1.5002572275511918  -1.0004889371823578 
1.4996888646654325  -0.9999959166669771 
1.5001745881584687  -1.001681290573161  
1.4985483945409876  -0.9970615812476309 
1.4984017536177425  -0.9987318585129741 
1.4990930145247765  -0.9997169086711292 
1.49940399841023    -0.9974829307628214 
1.4998785181473842  -1.0005857918875662 
1.5003169454767937  -0.9988661706453206 
1.4992517644880146  -1.0001553716854417 
1.4990529418204757  -0.9987367421061497 
1.4998418987088062  -0.9995067533659988 
1.5000668967388857  -1.0003941538898335 
1.4995185055982205  -1.0003681737539896 
1.4996921447947806  -1.002012076925233  
1.4988649808286612  -1.0031909979474594 
1.4990845189767799  -0.9964443011847685 
1.4991261023947926  -0.999939623224399  
1.5004770147250928  -1.001586318654502  
1.5001433702225488  -0.9992694865538002 
1.5012520590814558  -0.9988704286766535 
1.5004717639083218  -1.001132288590059  
1.5007691706110198  -0.9989168494889845 
1.501143296183361   -0.9997837245464045 
1.5000511644523413  -0.9993598174446087 
1.5008059138242364  -1.0006527540373018 
1.499659266995934   -0.9990581263085458 
1.4988898167114548  -0.99772861564844   
1.4994660019875072  -1.001587760656201  
1.49942833590229    -0.9987763283558345 
1.5002160620791642  -1.0011084636534258 
1.4994717852220536  -0.9983253934517056 
1.5000949306071372  -1.0011216082702796 
1.5008130277628462  -0.9974906763211209 
1.4997592008476524  -0.9991645165141919 
1.4994336028039348  -0.9989587641690706 
1.4999411641733957  -1.0006925434660956 
1.4992615299595484  -0.9984976945344366 
1.4989768299721746  -0.9987968719917409 
1.5008203713111263  -0.9982916414737718 
1.4995216861679797  -0.9992763409765841 
1.498724247348464   -0.9945792969254369 
1.4995267494106792  -0.998524938945891  
1.4990587653023517  -1.0009178519248987 
1.4995286608591638  -0.9994584615325094 
1.5000137946681062  -1.0000957186369996 
1.499661117462513   -0.9992888938677046 
1.5000080233158388  -0.9986140429534568 
1.5002915955840326  -0.9990245425585161 
1.4999698998871194  -1.001835646790323  
1.4996964820342968  -0.999479212305364  
1.5007976924436761  -1.0021774154581025 
1.5014955579331788  -1.000011113144394  
1.5004417268382222  -0.9995748162674644 
1.499051440655076   -0.9999390050554416 
1.499746178907941   -1.003476564520616  
1.4993053376567804  -0.9962336715001551 
1.5001156850450665  -0.9990910179491532 
1.5001794345473074  -1.000780522735379  
1.4991135011106622  -1.0014742052368437 
1.5000928856665685  -0.9989945590867289 
1.4999450312001665  -1.001198947453005  
1.4988271480117934  -1.0000622894856943 
1.4998101591588668  -1.0010822239945265 
1.4999040989124581  -0.9996395992599804 
1.4985158172085884  -0.9997810423053769 
1.4994445954144924  -0.9987697829014465 
1.500253325760558   -1.0022462189387624 
1.4993783378385288  -0.9989408278536109 
1.4999657094090884  -0.9981731477864236 
1.5002508671379284  -1.0009936472487089 
1.5007328391076382  -0.9994712115702853 
1.4995408125995988  -0.9987706639190619 
1.5000460738940902  -0.995535145170175  
1.4993647913363635  -1.0015648356345384 
1.4993276023366102  -1.001903739040675  
1.5006910174280614  -0.9995057107338959 
1.500384797730526   -0.9964976601183181 
1.4991435427565425  -0.9979141056540165 
1.4996871348232896  -1.0014201021054856 
1.5000228288797917  -1.001424295149812  
1.4999675154423533  -1.0005498849739478 
1.4995093941677469  -0.9980267473147701 
1.5003484406229706  -1.0006729960449814 
1.5004635660250152  -1.000352084597018  
1.5001513863649727  -0.9990807573093075 
1.4989469610115802  -0.9990819870665789 
1.5013734608668325  -0.9981454256857718 
1.5002204527012764  -0.9998810383028982 
1.5013086445508095  -1.002470945399465  
1.5018506456295404  -0.9977086834217895 
1.4985113708717657  -0.9991140244861448 
1.4991553361568746  -1.0019926440280487 
1.499523659372633   -1.0004054905280724 
1.4994298641366641  -0.9986523484880565 
1.499587651326733   -1.0007731271636355 
1.4991025152001105  -1.0008475183351868 
1.4997622192675983  -1.0027342277309719 
1.4994323012927966  -1.0028472822555283 
1.4996096308290179  -0.9992997453361675 
1.498895350331019   -1.0004934919343254 
1.4988360755222638  -0.999337898799612  
1.499269265583286   -0.9997212585902565 
1.4991305139360178  -0.9981294671138515 
1.499128844232997   -0.999676450372991  
1.5007324218069469  -0.99775621194744   
1.5007409504516007  -1.0012736411252974 
1.4995279876450114  -1.0022540218936837 
1.4988360838886106  -0.9983764591814139 
1.4997357277716683  -1.0000403809276905 
1.499735717501819   -0.9989295303820812 
1.4989944092441163  -1.001189974607097  
1.499716697289447   -0.9961371836969358 
1.500189358557894   -1.0004644989967202 
1.4997224946529149  -1.0001462500664857 
1.4981434499847537  -0.9954004528213332 
1.4996675178821408  -0.9977956723058927 
1.4998405941574113  -0.9979904592036548 
1.501430228618934   -0.998723821098654  
1.5001133485270288  -1.001084864139535  
1.4988172649719576  -0.9983721132356573 
1.5017504499578578  -1.0020481742322187 
1.500586091911197   -1.0003787743764747 
1.4997039406976724  -1.0004535224389948 
1.499194279326065   -1.0007933974265701 
1.500269591813312   -0.9995021938279981 
1.4998830389021127  -0.9979066961957578 
1.498148682845583   -0.996153861284352  
1.4995139141234053  -0.9990498101119467 
1.4993743311512677  -1.0012813376947631 
1.5004545222216008  -1.0011851677362227 
1.499069203951988   -0.9963447755811194 
1.5003413005195398  -1.0021761059761733 
1.4997663726853259  -1.0020185114904505 
1.4977048293781314  -0.9986501248628371 
1.500248249235983   -0.9997104108333563 
1.4997729260573553  -0.9993336193220114 
1.50030422026105    -1.0026654555730827 
1.5005354261539947  -1.0005735676806211 
1.500627247481726   -0.9997157743974332 
1.4987602985171316  -0.9981936734297103 
1.498830134780835   -1.000124764774036  
1.5014193649923113  -1.0025436768884413 
1.5001548422912088  -1.0017856314972646 
1.5004308068252694  -0.9993227402569457 
1.4992007160498522  -0.9945627189971451 
1.4995145672320618  -0.9995269049622203 
1.5007859319815955  -0.9999349867904702 
1.4986508197983675  -1.0010291934245221 
1.4981760344319228  -0.997953599424357  
1.4994809030186365  -0.9994700140112426 
1.499012477746544   -0.9981202188124325 
1.4995330579247454  -0.9971031845057461 
1.4994697094771168  -0.9985915945648047 
1.4992210111975472  -0.9988079018686477 
1.4997612775051827  -1.0002729294660888 
1.4990535581372313  -0.998887003197071  
1.4990982795874304  -0.9996258919651121 
1.500163701537208   -0.9992271959905291 
1.499584793698657   -1.0008543172566156 
1.4988290665244088  -1.0000663973012884 
1.499043384863662   -0.9991533910525215 
1.498258435148396   -0.9989692265717257 
1.5001334546763043  -1.0029643091976075 
1.4993169516329177  -0.9993635424348386 
1.5014457006195776  -1.0015466470814567 
1.4987016806278353  -0.9990409909436745 
1.5006393571956678  -1.0009579062203142 
1.4990870335771054  -0.9975419944159368 
1.4998117804709163  -0.9999115682074257 
1.4993753870057631  -1.0000498889006368 
1.4983567583596649  -0.9988267865897242 
1.4987661947104411  -1.002044381507674  
1.5004416535834857  -1.0005389514460392 
1.5008814631900094  -1.0009124891444403 
1.4984257627270885  -0.9984108491631234 
1.5000220208003674  -1.000516716369712  
1.5011239166150614  -1.0014778911681652 
1.500558524019601   -1.0005187391465722 
1.5005310181669702  -0.9964005315580389 
1.5014013338778833  -1.001790257010651  
1.5005621563209588  -0.9994707474920508 
1.4997291424587587  -1.0015070627576563 
1.5008649754032328  -1.000429933118098  
1.5008204587655734  -0.9987501937785502 
1.4994284205489958  -1.0015242908527855 
1.4993737861194607  -0.9978204667568461 
1.4999999917948013  -0.9973273664325696 
1.5015715120440314  -1.0028988722134013 
1.4995800512346131  -1.002387702465157  
1.499805520265884   -1.0011601236766872 
1.4984830236574889  -0.9987230010855892 
1.499446808429967   -0.9997466823101594 
1.4994515571313394  -1.0038723349571148 
1.4991555157235852  -0.9998813738477351 
1.499391704894708   -1.0019132355166098 
1.5003377841319367  -1.0011389946854015 
1.4993379937952676  -0.9976446334218151 
1.4998190964665945  -1.0019470788573481 
1.4995362149823466  -0.9993051500064106 
1.4988499662972876  -0.9988644727285892 
1.4992129014319455  -0.99883069289544   
1.5016366866070754  -1.0021295968649109 
1.5004517387324454  -0.9993129544626206 
1.5004966850028423  -0.9978815170859726 
1.499730939606658   -0.9964686749070906 
1.4984873785160515  -0.9949118196964513 
1.4977892623492242  -0.9910854109623701 
1.498532135145833   -0.9969198973164007 
1.4986799256889547  -0.9990487151363378 
1.4996863011692527  -0.9992693473115087 
1.4984537566743472  -0.9961111441468206 
1.4997568791261298  -0.9988826367774671 
1.4993755523504826  -1.0002456176917922 
1.4994372856374634  -0.9963576771991133 
1.4989318055248901  -0.9990504043881573 
1.4980668277318405  -1.0004061520684182 
1.4994571255833133  -1.0018055386615778 
1.4994459626336654  -0.9978092497641756 
1.5026896453681835  -1.0000668127579144 
1.4989945658629042  -0.9981016282908332 
1.5008136578124625  -1.002773769102399  
1.4991234140097114  -0.9976659162898545 
1.49877632072439    -0.9951966107561474 
1.501337078112386   -0.9999798834323547 
1.4999379516371814  -1.0001706950194273 
1.5004569510412278  -0.9989363332039232 
1.4989368353610655  -0.9989341203524299 
1.4989625882474702  -1.0013753822268048 
1.5001215121722118  -0.9996891326599385 
1.4993466279554954  -0.9944389933512434 
1.4990811268928015  -0.998391515009243  
1.5001042115652943  -0.9996717870430651 
1.4993306538897029  -0.9988648137207427 
1.500502274275355   -0.9955021307802663 
1.499825006244629   -1.0039903513369366 
1.4990690226808043  -1.000942868986912  
1.4994516159349782  -0.9973472315017031 
1.5001084196894008  -0.9988986856214068 
1.501085935520512   -1.0023381163922376 
1.5002506670446474  -0.9994589388771318 
1.5003917431867115  -0.997777561759947  
1.4995800019344594  -0.9976361086940887 
1.4993960379338913  -1.000338021025348  
1.5003301090251076  -1.0003053563686979 
1.4997324875155074  -0.9971937239135588 
1.4988144209208447  -0.9999065545073643 
1.498222162932506   -0.9995322908043814 
1.4982240362542363  -0.9964922525589277 
1.4996159070541042  -1.0005442926285562 
1.5006342146579026  -0.998327761889235  
1.4985767241746213  -0.9985142646027548 
1.4996522789630744  -0.9968241195736247 
1.4996072185068623  -0.9957926571976121 
1.499985522183332   -0.9995526902032198 
1.501021341632977   -0.9988054811795346 
1.498510657965282   -1.000424578126895  
1.5000029153823071  -1.0004578962851949 
1.4997762427428574  -0.9987285479193909 
1.498792827916403   -1.0003777828305576 
1.4995908911326863  -0.999058283106842  
1.4991267770130585  -0.9994900960324175 
1.4997529200556026  -0.9966362972522418 
1.5016466550909209  -0.9969776349787511 
1.5013030173122404  -0.9990387726240033 
1.4991692912065242  -1.0001911348385981 
1.499141176043873   -1.0006204711003788 
1.5009753084417965  -0.99950836590109   
1.4993262503913365  -0.9976270503509385 
1.5000616931917687  -0.9994929785987231 
1.4995225091745128  -0.9999717457097704 
1.5010045225530315  -0.999824136760813  
1.4993233139072117  -1.0007728930717408 
1.4988831728187546  -1.0000812684278262 
1.498133931691988   -0.9967794924162459 
1.500067371514763   -0.9970253428508827 
1.5001384921317806  -0.999384790279211  
1.5002000711165493  -0.9992077648638343 
1.4990507961922015  -0.9950771281961797 
1.499572832206777   -1.0015136625163936 
1.5000758858439522  -1.001835443544917  
1.500064691278982   -0.9998926221170564 
1.4989732135259997  -1.0009873506477145 
1.4995348905601389  -0.9983605970719022 
1.4998114238336122  -0.99985253285042   
1.4985909472074075  -0.9971300065517306 
1.500232609006139   -1.0007618069646338 
1.499609740066067   -0.996746626926267  
1.4999873296329986  -0.9993835389613785 
1.5007009782760703  -1.001839277585966  
1.501337880711749   -0.9986386488249162 
1.4997032620829556  -0.9999886269683691 
1.499880863311209   -0.9976335751575948 
1.49906379260991    -0.9999119730870014 
1.5007508760353483  -0.9988420191023776 
1.4990307688715794  -0.9988795640041637 
1.498263180262756   -0.9978080434837703 
1.4997885961081068  -0.9993571373139315 
1.4994761126661074  -0.9988936079384214 
1.499692968740364   -0.9994260752460088 
1.4997101494609129  -0.9986427748649529 
1.5013167269174417  -0.9990643385821018 
1.499412000179318   -1.0004536337045438 
1.500524913755313   -0.9977839445229675 
1.4998915903780972  -1.0008700493215665 
1.5008507556053274  -0.9977073967689962 
1.500439608212294   -0.9970529993431846 
1.4995149252140265  -1.0021503567682561 
1.498975300285412   -1.0018110259816781 
1.4982967972257248  -0.9985414892949384 
1.5006369673467552  -1.0008793517770014 
1.4985288968827148  -0.9956610150411099 
1.498638411133616   -0.9993502209669778 
1.4993321368865848  -0.9992369379738719 
1.500185780484928   -1.0000395399665127 
1.5000472253994035  -0.9988742768759006 
1.4993335614964665  -1.000134531178528  
1.499357580009781   -0.9983566691258391 
1.5002075635832048  -0.9990621252243471 
1.5009642901324438  -1.0017701474509433 
1.499549970683919   -0.999427762095155  
1.4999677246982237  -1.0008444178473734 
1.4985801577421498  -0.9974690385594105 
1.4989917874215108  -0.9969624420705432 
1.4989919759585497  -1.0032855855553486 
1.4997941817383116  -0.9980780348733792 
1.4990407737219091  -0.9994172995721364 
1.5000926883984367  -1.0007724842175862 
1.4997177827505468  -0.9997687270026897 
1.4984887252025987  -0.999163334754222  
1.4986622927164261  -1.000762391272955  
1.4988666073518326  -1.0001318315948302 
1.4998392490395684  -0.9984434944223612 
1.4988560016596884  -0.9974425135255237 
1.4996251675478856  -0.9992517530918633 
1.4994268254759675  -0.9997698958958511 
1.5021226771583402  -0.9974381183973617 
1.499698157484398   -1.0003887743673339 
1.498924817025593   -0.998978228348423  
1.4991363194812097  -0.9940569607838096 
1.499140440424264   -0.9990773565065328 
1.499429347569197   -0.9977832198544504 
1.4992614885245843  -1.000569641835658  
1.4992270030562453  -0.9962850511074091 
1.4999423026719427  -0.998538370598375  
1.4996091703893448  -1.0008801007059416 
1.4989261888731338  -0.999431940174209  
1.4995926456835003  -0.9994511306289564 
1.4979089934615104  -0.9954244437392581 
1.4986634126125642  -1.0028539299367856 
1.5001860059683936  -1.000325210745484  
1.4995286014135454  -1.0004456567711517 
1.4993521482240566  -1.001692707812786  
1.4988601844025802  -0.9961840742890918 
1.4999641397632428  -0.9993344843388632 
1.4992354329152602  -0.9994915045356434 
1.4996045787641836  -0.9975682197565982 
1.4983390888262296  -0.9997572002295466 
1.498488415115391   -0.994913921530888  
1.49838274510613    -0.9971108734415499 
1.5018789172320242  -1.0025645085646158 
1.4982228067889172  -0.9958555236811678 
1.4989578146865992  -0.9977526214725542 
1.4987385626324872  -0.991477331565545  
1.5000520534468833  -0.9981698097808671 
1.4993744497183688  -0.9995689541288801 
1.498919852498048   -1.0001396080964036 
1.499919151675084   -0.9977944626676386 
1.5003285807052418  -0.9982868139635507 
1.4986170109262302  -0.9993914215998237 
1.5006225704506289  -1.0010138720132489 
1.4995506464014317  -0.9999652800900396 
1.5000024439528454  -1.0039261267794746 
1.499100624967674   -1.0009046953606895 
1.4998311380899558  -1.0016952936997947 
1.5000063781081712  -1.0019733253250762 
1.5005322883554635  -0.9999741613864164 
1.4998085482704684  -1.0013093352469562 
1.500173149926999   -1.0012503151604406 
1.499902719333729   -1.0001423103572566 
1.4991302049511657  -0.9993616855719192 
1.4991958383872763  -0.9971061086045849 
1.4998430607981108  -1.003642485963486  
1.4997853154425433  -0.9996738940573046 
1.5006746317762203  -1.0014105596382437 
1.4985679865131292  -0.9974580692324951 
1.4999117151386858  -0.9988093806741779 
1.4992272326846037  -1.00029172698834   
1.4992215484302156  -0.9977770895548289 
1.4999004001648342  -1.0012880583862083 
1.500004923012824   -1.0018679406362878 
1.4996190848966464  -0.9965553196051773 
1.4997338570043914  -0.9954954087733859 
1.4994103469551672  -0.9984254940034395 
1.4993590946758533  -0.9967777493874431 
1.4986004088614973  -1.0018332545489226 
1.4997460570871648  -1.0004582649178606 
1.4994845252154558  -0.9994663625379032 
1.4993022642577718  -1.0013866066707715 
1.4996468761612756  -0.9973920881879094 
1.5001868441152801  -0.999849110458882  
1.499121137078393   -0.9949027587714186 
1.4992746679458504  -0.9990064720134075 
1.500085891190826   -0.9963611032576963 
1.4993147881829991  -0.9985435415299259 
1.499969457664774   -1.0004507314356217 
1.4998339604052604  -0.9998108431864213 
1.4999380199088144  -1.0038685817926638 
1.5021645513245276  -1.0029500098902018 
1.4989419561705328  -0.99728277539128   
1.5000015988075435  -1.0015305191055122 
1.4996733097536554  -0.9968901444103314 
1.4993437770432476  -0.9983006440983574 
1.500125591190575   -1.0019554421155628 
1.499169637287942   -0.9990563490997809 
1.4991540652941884  -0.9970767296475005 
1.498660504972475   -1.0002272475677396 
1.4978193156089898  -0.9964333618904957 
