1.7779887444172904  0.9881982429404655  
1.7779887444153153  0.9881982429404655  
1.7779887444195646  0.9881982429404655  
1.7779887444186238  0.9881982429404655  
1.7779887444165154  0.9881982429404655  
1.7779887444193556  0.9881982429404655  
1.7779887444155043  0.9881982429404655  
1.777988744415045   0.9881982429404655  
1.5594839366857347  -1.0102294241957146 
1.5532760767388925  -0.9226470011543982 
1.5574933143266243  -1.0215407167066526 
1.5638689872361844  -0.9749093252582469 
1.5646862499590395  -0.9604484785163547 
1.5551830603935817  -0.9512387551974528 
1.561781649911454   -0.998960654709008  
1.56178693974087    -0.9421657823980879 
1.5549157310614048  -0.9535306898643414 
1.5573933581438433  -0.9401366449536643 
1.557909592683013   -0.8851989336138129 
1.577611846676231   -0.9821581053869908 
1.5745331321929976  -0.974866131580588  
1.5610989951406884  -0.9741415254389103 
1.5679076869527626  -0.9528838827243916 
1.5715766246735372  -0.9627118054090668 
1.5574719848256304  -1.0151048597774628 
1.5744862510099593  -0.9521953191075636 
1.5653530948880812  -0.9852300825339191 
1.5575032469094492  -0.9653956013935386 
1.5543961751521993  -0.9666734876500707 
1.5763923565757054  -0.9473282122643211 
1.5789116634178169  -0.9525038408669381 
1.5423084462607857  -0.9087385249546771 
1.5348994901013895  -0.9079185044013602 
1.562609623645236   -0.9628475182172016 
1.5639835993875915  -0.9514842268247101 
1.5604064615965219  -0.9857034452230233 
1.5589770696675842  -0.9730605417562873 
1.5528080152047024  -0.9868103387908012 
1.5680006162193127  -0.9690055756245493 
1.5510699873783844  -0.9112269359539669 
1.5553823795454673  -0.9895970660363362 
1.5478186454873875  -0.9064896631553969 
1.5565770035555737  -0.9226573197520105 
1.5619531230701027  -0.9152893328771861 
1.5822300873927126  -0.9735135112394895 
1.5619896398213982  -0.9169537692442199 
1.5508234159212162  -0.9271683713104787 
1.5635931850730964  -0.9292129176711798 
1.5677197625951873  -1.0230350874155758 
1.5737006826279125  -0.96658838019715   
1.5448405963025222  -1.1760350540094056 
1.558647464036319   -0.9520848258945638 
1.5348316765174015  -0.9117435361074118 
1.566428673419533   -0.980064102357482  
1.5436947521721058  -0.9492135799536938 
1.5537717333056649  -1.197791153150559  
1.5721169957626393  -0.9815832490371579 
1.5540581640048021  -0.9286845617560678 
1.5782418875011281  -0.976988033676774  
1.557109339653523   -0.9038942683353941 
1.5558293485945018  -0.9587374267621418 
1.5325492833571528  -1.0565980206496726 
1.5669455843950193  -0.9698496237133004 
1.565330582700867   -0.9440757009561253 
1.564629986770982   -0.9332208492153196 
1.5701901996216738  -0.955538576987335  
1.5531330145178526  -0.9131876088533578 
1.5691089222337649  -0.9718938146562875 
1.5612169835864544  -1.0024686506996854 
1.552039806742053   -0.9871981895445012 
1.5715532659268368  -0.9796522029778686 
1.5661380412928099  -0.9531656868757183 
1.5531676575948978  -0.950192935965226  
1.5642493206656327  -0.9296921632984804 
1.544216933248885   -1.172072653177084  
1.5685156614280575  -0.9936368316089573 
1.5619782680104919  -0.9216541757564186 
1.5652964663306568  -0.9327210042627794 
1.5581876167686854  -0.9733870323481665 
1.56394451927622    -0.9763415098130984 
1.5531163612672982  -0.9294244082393808 
1.5789357379289886  -0.9407871318745317 
1.5583182734133878  -0.9592231902972951 
1.5524799735640293  -0.9912073137575932 
1.552997763734793   -0.9766408910786102 
1.5511378598830223  -0.9255211652931686 
1.542392649549269   -0.9117276587011345 
1.5668391577058711  -0.9644385994878688 
1.5516818538729957  -0.908701409739476  
1.5683318632475447  -0.9253711611291922 
1.5585997798064308  -0.9732785734061837 
1.5597141082706591  -0.9255225357430489 
1.5647710722633503  -0.9692751760288281 
1.554870088074128   -0.9432522376533656 
1.5756839011791102  -1.0196697044786116 
1.5506687580919953  -0.912462377746577  
1.5624854811934594  -0.9918930735299837 
1.573500699204622   -1.0142584949374807 
1.571931624461156   -0.9621880035776306 
1.553637428915126   -0.9841776010841908 
1.5607772628626662  -0.953765762889304  
1.5663552456784378  -0.9112490257649435 
1.5435752843192183  -0.9280145405183936 
1.5689699280420506  -0.9679525159789575 
1.5636165804473392  -0.9982151541008866 
1.573648825342582   -1.197791153150559  
1.5619998028720339  -0.9709964176058868 
1.5724229029813457  -0.9441935450302801 
1.5721876687764174  -0.9575120767211549 
1.5655283225932466  -0.9927308161112494 
1.5647915491926647  -0.9963117883476258 
1.5707828476871624  -0.9573890020386532 
1.5661263050661989  -0.9862642657667687 
1.5713319486082662  -0.9467884603897616 
1.570979123008776   -0.923930792629931  
1.5705614947650837  -0.9576509915265525 
1.5480545725412642  -0.9781077429868962 
1.5686791223380436  -1.0009518422502366 
1.5690443207288083  -0.9796235158622043 
1.5600637649009752  -0.9474032284590904 
1.5643170267310058  -0.9313897844009349 
1.559550366654522   -0.9917168919787452 
1.562322172518206   -1.0132246070937927 
1.5448830772453876  -0.9348166051166429 
1.5375910078015966  -0.9346546981280737 
1.5689964654498223  -0.9233300178708195 
1.569263482812672   -0.9313080618105047 
1.5648666658474957  -0.9292971461228329 
1.5615034684903124  -0.9976102945820917 
1.5592238225404011  -0.9286698601566293 
1.5757527007046872  -0.9658673058882545 
1.5574701564770923  -0.96243061160934   
1.5652368784670712  -0.9225102742345014 
1.5491686705209755  -1.000618924229986  
1.5702938035973608  -0.916706377627723  
1.549653572906586   -0.9449495129015407 
1.5517280523645445  -0.95129655684604   
1.5644227264307637  -0.8996330906594586 
1.5646762942643522  -0.9672047079966889 
1.5605400248265486  -0.9770493201302173 
1.5657931222638313  -0.9968940498486004 
1.567607310569649   -0.9283062539544361 
1.5511226042761719  -0.9380889074586254 
1.5743966739197661  -0.9485310446257124 
1.560208388123316   -0.9162886727855308 
1.562358444806232   -0.9332667544168436 
1.5695243396762393  -1.0354869960840234 
1.552304241552205   -0.9420705425315085 
1.556602295378269   -0.9314286346170902 
1.562694571528871   -0.9549452240580678 
1.5552897568455812  -0.9268078852507676 
1.556786983212214   -0.9267435290812123 
1.5728246829835066  -1.0075985766155922 
1.5629206544350123  -0.9740685646451064 
1.5788439882439465  -0.9283309993231142 
1.5592791061809188  -1.003362010439499  
1.5670654504055948  -0.9601507438615381 
1.5562192767623129  -0.9790352533687142 
1.5658579098483731  -0.9888641932622412 
1.5561799768985864  -0.937755485047068  
1.550513972540028   -0.9628723578658932 
1.5617633198730565  -0.941505555587865  
1.5431688373820729  -0.8987043878022956 
1.558576032512425   -1.0302342576932404 
1.5504605912584577  -0.9082522943239626 
1.5645978796138789  -0.9707117407727005 
1.5474066810666562  -0.9284828710675419 
1.5500659181930503  -0.9338843534465694 
1.5651934899892936  -0.939710298627197  
1.5555692453980565  -0.9422380728667876 
1.5654804060861922  -0.9269848499312017 
1.5575253400639224  -0.9232019017582841 
1.6078098379580261  -1.197791153150559  
1.5631971413799455  -0.9927155131343013 
1.5694801890911234  -0.9358221433757773 
1.5484439959033651  -0.8996410637843748 
1.5691024256036323  -0.9234823222511738 
1.5645084609063382  -0.9573727180388351 
1.5706630811954154  -0.9690614848727233 
1.5381043397180594  -0.9127810989914653 
1.556538670630499   -0.9239050359561708 
1.5593006979929305  -0.9511645997198447 
1.5714101875964726  -0.9643018755688719 
1.5852773983104491  -0.9370523633056153 
1.5610733341325373  -0.9483308069551801 
1.5682422780853047  -0.9196523820706693 
1.5726158495910945  -0.9732793557086424 
1.547807479232236   -0.8975941783730828 
1.5592489011917101  -0.9278263567701704 
1.5412704634821448  -0.9715408011788338 
1.558204037434182   -0.9568076842860482 
1.560570299453627   -0.9048873596663571 
1.5764304198272123  -1.0323309234004885 
1.5627415470199895  -0.9840979563456718 
1.5622685044230868  -0.9335784102530726 
1.5703857365334162  -1.015002895759812  
1.5589515916509986  -0.9047519489959566 
1.557992887882844   -0.9400841330832513 
1.5640182699109713  -0.946841177916775  
1.5763914979263691  -0.9290526019044796 
1.5505702805281878  -0.9031358473578611 
1.5605086508647699  -0.9587768007686256 
1.563587553253189   -1.0443044590647368 
1.5542902943531383  -0.9827476045225043 
1.5602559393772026  -0.9297869922146681 
1.560990400314914   -0.9815307728481482 
1.5742880592572075  -0.9397913459056765 
1.5559650176398092  -0.9284812355026479 
1.5732684627558795  -0.9823733513287454 
1.563824939450853   -0.9533467168025979 
1.5520660522622163  -0.9349240278320875 
1.557602205353016   -0.9141277198395209 
1.5688873272528479  -0.9353840837881527 
1.5577661859192828  -0.9207314903752926 
1.539280973654543   -0.9102782384418597 
1.5511774658046495  -0.9571121917547025 
1.5641431080401713  -0.9992400712643325 
1.5647875032845593  -0.9634991916869132 
1.555466412693296   -0.9367037302988953 
1.531196988658458   -0.9039468325998056 
1.5487969658445624  -0.9438901904939547 
1.5150984944376817  -0.8876602364280312 
1.569188276003135   -0.9631721074250275 
1.5591027741449794  -0.9382907587742926 
1.5427867626950933  -0.8993687894880227 
1.559664015246576   -0.9747014708164325 
1.5638150000265145  -0.9807737862348548 
1.553416651182857   -1.005787916739483  
1.5625158117750377  -0.9307574657925576 
1.5697612816111348  -0.907773415521398  
1.5633628274906262  -0.950684640657453  
1.5458377076200154  -0.9067413853563985 
1.5534058207356376  -0.9438658839576609 
1.5959815854383514  -1.197791153150559  
1.5632913984711982  -0.9203049971183603 
1.5574750553036516  -0.9657686215012382 
1.5700048963510622  -1.0034720947449884 
1.5613015994386992  -0.9589315674930983 
1.5548431340541014  -0.9895662820685985 
1.5633662787685556  -0.9664045565356728 
1.5572578339454632  -0.935736257245399  
1.5605061882989186  -0.9865848164462203 
1.5621439478030763  -0.9649363607639582 
1.5443155916625082  -0.9338085400868853 
1.5732532128731003  -0.9516369276128807 
1.5411937889669365  -0.9220959767949064 
1.553146916060043   -0.96119590746973   
1.5140464125190936  -0.8878260864741407 
1.5461851174893697  -0.9929215760085429 
1.5660265818096883  -0.9920921499056526 
1.572882943909315   -0.9636618953304128 
1.5535468611011343  -0.9155687155048008 
1.560594550025701   -0.9679411517824856 
1.5659153484217354  -0.9604458111324632 
1.5436446478756554  -0.9003291959873313 
1.563141193803305   -0.9475472863420178 
1.5514628602418918  -0.9284478509836476 
1.5657272331643386  -0.9651273563652422 
1.565077305870244   -0.9401625657006417 
1.5671983195036774  -0.9470468036137176 
1.5650856704860279  -1.0082190359343    
1.55294501186151    -0.9477652612024458 
1.571447032006595   -0.971144946291679  
1.53594533816448    -0.9088839065897656 
1.5543814449491995  -0.9907272667132409 
1.5296623146965436  -0.9181315789131881 
1.560334530556274   -0.9186065817755091 
1.5652756861540102  -0.9827753638621306 
1.5526370700831231  -0.9497768237616502 
1.5365014787152205  -1.1911256838228357 
1.55893381011072    -0.9909225307485027 
1.5645941682135964  -0.9494948305582255 
1.5654337736687798  -0.9550089433094371 
1.6112733743666534  -1.197791153150559  
1.556651813200912   -0.9700951554217514 
1.557657586051705   -1.0431929935047526 
1.5584423004750165  -0.9663162895220693 
1.561773374123434   -0.9673407536713676 
1.5573588248251156  -0.9216217905016559 
1.561462782052315   -0.9486730140093678 
1.5648136377842865  -1.0068128331437034 
1.556931548587717   -0.9522705506686818 
1.5514332565824422  -0.9002912302997049 
1.5557585969474     -0.9253273538119188 
1.5581000444768196  -0.9568061279279773 
1.5579376959915499  -0.9753292191311999 
1.561866727768232   -0.9305632554640554 
1.5644342463423682  -0.931477343525986  
1.5595364668489582  -0.9571551726302288 
1.5605151036896618  -0.9849997512641119 
1.5664267586578615  -0.9319387543766076 
1.5650359449554456  -0.9329540651291007 
1.5485523826372225  -0.9429364106767976 
1.55710220855765    -0.9562439305466496 
1.5613113033191803  -0.9551272455547575 
1.5636499532755455  -0.9565899127909312 
1.566630470258726   -0.9590591756383379 
1.5737702600992312  -0.939662787987497  
1.570849598999752   -0.95237158547921   
1.566634018858708   -1.0162648389648168 
1.5511371081409622  -1.197791153150559  
1.5475028020168011  -0.9658308566688246 
1.5686844865330194  -0.9428817008045841 
1.5666343441572237  -0.9289198968367718 
1.5559525854972354  -0.9374212941494096 
1.5609482817938582  -0.9559098301288886 
1.5595998077418518  -0.9511905761667041 
1.5675454628155816  -0.9679457322026953 
1.5454316920502797  -0.9284375854318365 
1.543779632973395   -0.9876774520380324 
1.5643777402045234  -0.9294932230232129 
1.5641921796755938  -0.9725606249357839 
1.552084694308442   -0.9147907222283402 
1.5671049277827676  -0.9677307734412387 
1.5621186445728257  -0.9854697242575349 
1.5591888324167056  -0.9271328417487544 
1.5653768399900077  -0.930563155666582  
1.5603143480380894  -0.9768087162215234 
1.5497985583651264  -0.9373708383174264 
1.572005263110407   -0.9700002576068212 
1.5656073975387288  -0.9254626084124721 
1.5686219475222625  -0.9729941751111562 
1.55977022686819    -0.952174535252511  
1.565983222488649   -0.9480969014987028 
1.5858625824883834  -0.9470539475333619 
1.564438546680562   -0.9528125349943096 
1.5900163291596068  -1.1899258007127915 
1.5571692407031252  -0.9190477242333601 
1.5577445963463556  -0.9499245605196402 
1.5617600504554197  -0.9362228302736751 
1.5631330897446014  -0.9969116568680321 
1.5486880973048418  -0.9734046788008125 
1.5439402316742987  -0.9251085000420821 
1.5653711245342974  -0.9505697648382    
1.568216803479009   -0.9541883644515478 
1.5606199268232699  -0.979908624173233  
1.5659793948455065  -0.9435581142948812 
1.5542027928811797  -0.9663641594149537 
1.5672439466560095  -1.0165009128083942 
1.55569023626993    -0.9217566204786655 
1.549742826238716   -0.9211140441057775 
1.5743030633698205  -0.9818003962262243 
1.5348198108653235  -0.904545332306931  
1.5455227010251849  -0.925570612061435  
1.5422537669204552  -0.937159904742221  
1.5778192753855091  -0.9895844997312591 
1.588476317532093   -0.9425639793728331 
1.564204246922292   -0.9977428103491662 
1.5684253222904478  -0.9976743164696493 
1.559687081150186   -0.9917413372237499 
1.5673148639315235  -1.0008320583402108 
1.550389177961509   -0.9323817415520126 
1.558175649535006   -0.916470675953353  
1.5651775381586759  -0.9536833397007335 
1.567114917900467   -0.9453159854644998 
1.5681384745408833  -0.9389748780870376 
1.5434091430048884  -0.9336479969312096 
1.5321008330610209  -0.9122030194903766 
1.563032338114626   -0.9567694727822623 
1.572465819388344   -0.961485131990739  
1.5569924549934293  -0.9274558972967069 
1.5699335277783688  -0.9518004759435323 
1.5645581908890547  -0.939615996749533  
1.5772920640240835  -0.9644420807078705 
1.556286612258618   -0.9622982314357612 
1.5111378857804187  -0.8890237271064652 
1.569615797215264   -0.9903925412271875 
1.565688247047434   -0.9188648916360195 
1.5597892030438465  -1.0055745941687724 
1.5722165449870154  -0.9215211591937641 
1.5753475987716372  -0.9403164564534879 
1.5507817896569365  -0.9476912859568218 
1.5609003384994313  -0.9778331112443607 
1.5574214475743138  -1.0082873303219066 
1.5567556272384313  -0.9473600584446661 
1.5541190344503295  -1.0064821633722887 
1.55828883118571    -0.9154858684012139 
1.5631200072150087  -0.9709319003776864 
1.5710085785767607  -0.9631193104935949 
1.5560946836655467  -0.9413969252071753 
1.5701521191263872  -0.9722009242011034 
1.5538372494366715  -0.9652497587165106 
1.5687031270185716  -0.9372423768791258 
1.5607026747934893  -0.9971948069550428 
1.5633754203665327  -0.9742720937794906 
1.565940450291051   -0.9397138481032581 
1.5693578050493031  -0.9407671385678794 
1.554169129656404   -0.9442364116722494 
1.5643809165733662  -0.9837579922454758 
1.5410558607122837  -0.9951565486579829 
1.5487923212562693  -0.9291276295136812 
1.5654015511856876  -0.954249769952398  
1.5730042188052713  -0.9491732592285217 
1.5561698510295496  -0.9419246715179942 
1.569754328943942   -1.197791153150559  
1.5737471325198453  -0.9485793918454507 
1.548664438471914   -0.9353455793279939 
1.5474024231313452  -0.9505561731479623 
1.5357508055093827  -0.9054512558160616 
1.5642540785676462  -0.9586172785047903 
1.5719587341672474  -0.9824126417575497 
1.552881516357738   -0.9716407915419271 
1.548398276273669   -0.9191793884894363 
1.538205986910433   -0.9130873946263627 
1.5551228276755724  -0.9835794328511684 
1.5513639853378756  -0.9105451655584751 
1.5634262624711464  -0.940177846750536  
1.5713257099347333  -0.9882026245680338 
1.5588317975560158  -0.9998851637839308 
1.5587618011392634  -0.9934079778009212 
1.5658526428051596  -0.959085048987495  
1.556981248352138   -0.9674067180461012 
1.5651568461180052  -0.9381472053488836 
1.540394466920864   -0.9227394809815882 
1.533963676989722   -0.9032280233786993 
1.5795917321304838  -0.9698862413808127 
1.5632130132452655  -0.9577567626522844 
1.5526259571565235  -0.9810476328610678 
1.569330072306412   -0.9215558418434671 
1.5633879046763977  -0.9678603413161236 
1.5597192062070806  -0.9494287079398677 
1.5531582239046555  -0.9619335958143072 
1.571471380962498   -0.9385351649123924 
1.5704876707354083  -1.197791153150559  
1.5655409342292121  -0.9606301553256742 
1.5925240996663665  -1.1633196491525124 
1.5634453231116676  -0.9013558213861482 
1.5593543763284412  -0.999245673961463  
1.5575728279668892  -0.9511199189437012 
1.5531958504174563  -0.9817360099987136 
1.5721438944202963  -0.9612540789431446 
1.5649189168092361  -1.0163100093770598 
1.5773111599365013  -0.9578637590079357 
1.554623890501328   -0.9978120215634142 
1.5547444662616832  -0.9467927519218381 
1.567284373320381   -0.9381551691554878 
1.5549097430811065  -0.9550618666962561 
1.5601913800969394  -0.9111027970692263 
1.539379452013497   -0.9036126719245228 
1.5593358933694188  -0.9895812919945233 
1.5557083875981195  -0.9658197098291873 
1.5307523175430993  -0.901359395456733  
1.5627573751826502  -0.9500730675053406 
1.5533191815443654  -0.9728297388134384 
1.561977509226237   -0.9519685717689147 
1.5690202487186558  -0.9564098127644605 
1.5580507863659532  -0.9781124269184284 
1.5732031269064262  -0.9469621340881086 
1.5590431785786234  -0.9984386608223184 
1.5553149418550827  -0.9566816490231617 
1.5588238479473884  -1.0660613182524445 
1.5345770694829999  -1.197791153150559  
1.5542322381382199  -0.973494950963024  
1.5622602206864036  -0.9550375920108485 
1.5619746591929373  -0.9488129592052528 
1.5236147627601775  -0.9007550263069203 
1.553357714546081   -0.9490912850864769 
1.559882032611498   -0.9478347566637177 
1.5500776852385552  -0.9288718812519852 
1.5613687848626345  -0.9305578503548941 
1.5655659288619312  -1.0532367655836308 
1.5642800298149335  -1.0391252831016482 
1.5629668906181744  -0.9315027978704482 
1.57018852207563    -0.9498305272253849 
1.5655108217428395  -0.9374913706096332 
1.5696066301341531  -0.9590569641928887 
1.5715179244093787  -0.9757423978460972 
1.5320282066151527  -0.9088426585570423 
1.5604439829880792  -0.9627312016289058 
1.5449116535433836  -0.9533212688015253 
1.562876524697962   -0.9642888745170648 
1.5586924290224256  -0.9638806893855364 
1.568022404192198   -0.9509820223476143 
1.5446778851847274  -0.9141294964116691 
1.5448702786290003  -0.9312524484962618 
1.5195695898762982  -0.9306031762223899 
1.5585874036788445  -0.9710006767093939 
1.5651709275838768  -0.9544152070389098 
1.53197758107075    -0.9143316449908107 
1.5693022478853142  -0.9836972694194026 
1.5695513996247028  -0.9551850695132101 
1.5679821130785194  -1.026992916350992  
1.559233200463329   -0.9344662558740879 
1.5658200409817344  -0.9767509910945114 
1.5637245256855936  -0.9082363257174411 
1.5708980505795092  -0.9375719607956723 
1.5398523969448044  -0.9144339714701546 
1.5561223362698742  -0.9280491135747112 
1.5820685302710704  -0.9365845928983894 
1.5602917535257     -0.9488206279678668 
1.5605363991051486  -0.9323837302570872 
1.5571186346609904  -0.9263955150628692 
1.5526439552293478  -0.9305867260027628 
1.5796142505926885  -0.9540746840675343 
1.56387017400819    -0.9109566977679402 
1.5567479643495061  -0.9960782245833714 
1.5692132098043916  -0.9489906036735085 
1.5497993714515519  -0.9133104062580493 
1.5573790788086275  -0.9378048015242372 
1.5367944514498582  -1.1774027163172782 
1.562868896428225   -0.969734488288545  
1.55681068048887    -0.9226622428888778 
1.5744171713471307  -0.996444756362378  
1.5675229475822634  -0.958974634138246  
1.5483574643736766  -0.9798893101438173 
1.5463848670932328  -0.9484416534212323 
1.5515809969989658  -0.9851491469019374 
1.5587163042715617  -0.9371491267186445 
1.5682175879557703  -0.9104171581098294 
1.5230412871662615  -0.8973200313483586 
1.543423567595543   -0.9008887038228233 
1.5680408704751778  -1.0184253902723726 
1.5554624521010365  -0.9355581913712395 
1.5635358149428267  -1.0276972224685832 
1.5511226906456554  -0.9176215850746412 
1.5685761307010517  -0.9305234879782398 
1.5450221671868574  -0.8994303269156062 
1.558358012750008   -0.9879578316587465 
1.5474075250132946  -0.9673448744351023 
1.5539591894830427  -0.9771345493770648 
1.5607721215036259  -0.9331868612994636 
1.5402135025031811  -0.9068402184193246 
1.5565348926944425  -0.9767227795264604 
1.54567223827444    -0.954883438189689  
1.5586317798611757  -0.9776229803126372 
1.5497699573588677  -0.9796522075383478 
1.5583890663689737  -0.9215995133160906 
1.562833998634438   -0.9642725819355243 
1.5694652592422655  -0.9752724091984456 
1.5655233084058273  -0.9564351798788442 
1.5535791351067858  -0.9123395783541866 
1.5713874420735428  -0.974436965795854  
1.5654095302687046  -0.9975872998172374 
1.5473811405869808  -0.9183763459655452 
1.568664216464376   -0.9492528805260897 
1.5596494481788057  -1.0077804067230267 
1.552218971517999   -0.9117633477513126 
1.559261822190146   -0.9716113177980344 
1.5526071944452824  -1.0208939714722125 
1.5447834898654285  -0.9174852849770935 
1.552620396460726   -0.906360692546361  
1.565420675270121   -0.9557705139772527 
1.5472114828562367  -0.9262899320654571 
1.5580552749041252  -0.9754082112534878 
1.5570986604262527  -0.9385559831510436 
1.5806306026691157  -1.012903026219475  
1.5525132646488593  -0.9442996546949503 
1.562083320255628   -0.9369574269929165 
1.5531179780385522  -0.9384439231854842 
1.5602660119324065  -0.9773018109932254 
1.6407071839165053  -1.1819090844357847 
1.55779545603776    -0.9861073662296929 
1.539947444272027   -0.8949708167349835 
1.5658957437302823  -0.9789271217576291 
1.5666913099430926  -0.9212938748197206 
1.5535703354936823  -0.9252638358502259 
1.5535668387262827  -0.930783263887328  
1.557062861618181   -1.0070487951033078 
1.5767516301299993  -0.9633874273648311 
1.5526521110544937  -0.9062517877989585 
1.5594909823294931  -0.9868623270861222 
1.5489294331415584  -0.9512544673619696 
1.5666701507934504  -0.9519005436986996 
1.528041109125166   -0.898864905533422  
1.5634096560460038  -0.9759895835228267 
1.560381170625209   -0.923809915759222  
1.5505862231272765  -0.9499265619708035 
1.56126539569717    -0.9810915246242218 
1.5631706726501107  -0.9877320713286042 
1.5637771613841436  -0.9524781717583679 
1.5730697604843253  -1.0161721164847304 
1.5588270414758776  -0.9252549156838633 
1.5561524638985638  -0.9141690236542989 
1.5343983415810007  -0.8922481727609184 
1.546380552547599   -0.922124675003691  
1.5677428503928224  -0.9548789995621935 
1.5635452675505224  -0.9405832183390864 
1.5614519224662724  -1.0205231789669857 
1.5666223302536946  -0.9399867858394739 
1.5718154883264535  -1.197791153150559  
1.5574868665664465  -0.9471131173721786 
1.574664196060464   -0.996432065592814  
1.5783276711357808  -1.0137180807212611 
1.5510475410970153  -0.9685975892334168 
1.567527445895429   -0.9667807763317302 
1.5438218265628925  -0.9218782213025133 
1.5438027566363264  -0.8934659114374378 
1.5615661510398944  -1.0264739968647938 
1.5230693762608818  -0.9631618229794957 
1.5701728649664557  -0.9558011046133174 
1.5687208762520841  -0.9603768776993048 
1.5612036531524542  -1.0005490777153245 
1.5579121554588466  -0.9229802942227936 
1.5602164312716136  -0.9497224867161983 
1.553217350229485   -0.9671117423800696 
1.5602844525621582  -0.9709154098808699 
1.5618191475754934  -0.9386223325083078 
1.5544369590534122  -0.9990349120272445 
1.5352204433079049  -0.9135050495459888 
1.548065662637742   -0.9971127991065364 
1.5615518282209666  -0.9450053196041667 
1.56940187731264    -0.974295216080787  
1.57371802154313    -0.9627465848033698 
1.5573649266758933  -0.9232432159841917 
1.5747185347211436  -0.9148523314669881 
1.5874148071225838  -1.197791153150559  
1.570592373039757   -0.9339058469527323 
1.536348904133027   -0.9080128180363942 
1.5628353634944554  -1.0009640647800777 
1.5622465615296337  -0.9921929699138019 
1.5564749507553568  -0.9862036619556458 
1.5524011763469772  -0.9261702217495259 
1.546150257039273   -0.8963946747379152 
1.554666477416547   -0.958794658778712  
1.569856869226486   -0.9753674442185174 
1.585473772849548   -1.197791153150559  
1.5523703269457831  -0.9524758951854867 
1.5515848911287389  -0.9673746963909268 
1.5708323003734892  -1.00701556632606   
1.561777021984918   -1.0017809256300994 
1.5594968752411122  -0.9442672941448774 
1.5608628920535355  -0.9528209256313864 
1.569972282043245   -1.1848575562755579 
1.599292144808357   -1.197791153150559  
1.5689527489355746  -0.9463953745741718 
1.5490435799656639  -0.9354781123327927 
1.5624191472340951  -0.9535543536318601 
1.5772155120802622  -0.951810844080045  
1.5564054408316506  -0.9369834254296628 
1.565477180569769   -0.9497009731621907 
1.564429054063169   -0.9469110996683302 
1.5569988930084795  -0.9331159390909688 
1.5642437909518718  -0.9480279193491716 
1.5713031637651942  -0.9619906523002494 
1.5789194831716518  -0.931660998553917  
1.560862890978368   -0.9329375751560016 
1.5662183973076418  -0.9728528309403077 
1.5665212894123672  -0.9651523372167555 
1.5538860587990198  -0.9393147689125487 
1.5641933903769518  -0.9415626896380855 
1.571328325345032   -0.967306437294119  
1.5573312839939701  -0.9601858012056083 
1.5820918059290159  -0.9262886603981597 
1.5713455071670288  -0.99682451138332   
1.5553771788222015  -0.9523417431949034 
1.5724041497792522  -0.9446020258842021 
1.5647207860542947  -0.920902195031023  
1.556011242670988   -1.0200337098015533 
1.5534018021913487  -0.951609616745166  
1.559736889994066   -0.9427345738200096 
1.561244185386504   -0.9662710664280009 
1.5444178801644535  -0.9086101822770691 
1.5676272479619657  -0.9607180308274681 
1.5638152135492434  -0.9192856991373559 
1.5761950863119714  -1.0022275653288586 
1.5415050688812915  -0.9429129132542812 
1.5591603550206672  -0.9957121329150173 
1.5660999640599442  -0.9831540161309837 
1.5732413082064336  -0.9342779358679287 
1.5683033570903564  -0.9266990744633999 
1.568892331371549   -0.9805691034467376 
1.5666746055390088  -0.9774229736751625 
1.5764950348444913  -0.9571212818564239 
1.5628189539007697  -0.9637827964319201 
1.568054651713908   -0.9662467027668147 
1.5666277359434009  -0.9126111923281255 
1.56542307070506    -0.9428494369917988 
1.5742886722907539  -0.9543050297173934 
1.5532843348991177  -0.9782049610669477 
1.5703478557033224  -0.9375894764146973 
1.5600899746546397  -0.95631442992804   
1.570665452910778   -0.9487246360667576 
1.578113721982663   -0.9462917827125563 
1.6183579080545898  -1.197791153150559  
1.5527539956129288  -1.019234598121852  
1.586884740951521   -0.9562186200467055 
1.5550913010156702  -0.9918429081743059 
1.5504281859565185  -0.9287245427855041 
1.557516236443609   -0.9846046614875956 
1.5640613712497728  -0.9911222546954097 
1.5649357398018293  -0.9689582434315622 
1.565985954315373   -0.9459059738680292 
1.5698686833905489  -0.9769640339351513 
1.5670042070549397  -0.9763423354408967 
1.5655804843596046  -0.9710657333826596 
1.5661505726080238  -0.9801581490310529 
1.5590951991123183  -0.9965547336799768 
1.5530537598544991  -0.9127242991413538 
1.5667986776830791  -0.9411129883995559 
1.563337564947904   -0.9405427857736159 
1.5587370289620759  -0.9792356848233169 
1.5554923249660768  -0.9192804639416424 
1.5616999999088033  -0.9601958689140591 
1.5691840055584128  -1.0092295645534406 
1.552521726032363   -0.9076798563905176 
1.5705543398974624  -0.9298501691621227 
1.5644664327845532  -0.9637060992340252 
1.5335076775180967  -0.9160018954771549 
1.5432430988781682  -0.925285369855843  
1.5636567175451719  -0.9729028437339341 
1.5611332067247674  -0.9211105219185978 
1.5626018511970057  -0.9765961668132741 
1.5544030631462156  -0.9315692825925512 
1.5760354717712728  -0.9719234385119564 
1.5630721364955609  -0.9244814051628725 
1.580355186043696   -0.9828580163756577 
1.5635994585866477  -1.016961205649861  
1.5594492546115084  -0.9596370647876071 
1.540998448376829   -0.9111268121659285 
1.5555167955816211  -0.9289897230329762 
1.5504785814890867  -0.925874894249956  
1.5676055122817039  -0.959515422941127  
1.565009807829259   -0.935372650206455  
1.5666349081000401  -0.9800576913233756 
1.5633023528631507  -0.9385279063818305 
1.559289522108561   -0.9944122802487849 
1.536389310461844   -1.1684360366112572 
1.5700345494362706  -0.9490944188096816 
1.5781825723433844  -0.9703521134130458 
1.568765632962109   -0.9318934919996378 
1.5672122865647369  -0.9072788454602244 
1.5703088019537375  -0.9355042384631602 
1.5512411896369667  -0.9938342031237889 
1.5619619326708405  -0.9545465812825039 
1.5607154201916456  -0.9322604031767381 
1.583390274386966   -0.9515556040563855 
1.56811061574011    -0.9676050243582057 
1.5394669297024972  -0.9024255135142467 
1.5582106030772662  -0.9876102679796553 
1.5508538297178216  -0.9129796735130018 
1.5537993409871174  -1.010272902271555  
1.5547527221045532  -0.9723408214380954 
1.5523328340285898  -0.9620152801693344 
1.5607943964618964  -1.0610963858318918 
1.5399500078201083  -0.8974829255290886 
1.5508660551872564  -0.9757277744595698 
1.5516560130548303  -0.9512953412982286 
1.5631462224089026  -0.9507446031603755 
1.547651336139812   -0.9463018552080282 
1.5503290114079908  -0.9944263503642546 
1.5604623856326105  -0.973578720321771  
1.544313921822294   -0.9339335062066064 
1.5625659103526544  -0.959656115636725  
1.5583756792833436  -0.9813368885198915 
1.5581990715974023  -0.9694967376706751 
1.565028916751614   -0.9835175142839152 
1.5515935887222876  -0.9662060666827228 
1.5762286401645755  -0.9391824010986859 
1.5645369250530439  -0.9822436999732026 
1.5660636669844121  -0.9729314298298531 
1.5441786319715376  -0.9164246567241185 
1.5079942924338285  -0.8829041506184303 
1.5716889948034738  -0.9598456775514135 
1.5510067711362927  -0.9778461071059937 
1.5552337725017897  -0.9891013289907996 
1.5611845149919619  -0.9585406390067851 
1.5678375792398904  -0.9338610978285151 
1.5539220119626056  -0.9542083844172606 
1.5651256462049468  -0.9625947335941498 
1.5660110643955458  -0.9256039086504239 
1.5904082832761675  -1.1713323347135793 
1.5753782586149798  -0.9583461670673815 
1.5376453345506709  -0.9106273622512296 
1.5689770762223485  -0.9377476342752348 
1.5638226398539137  -0.9363040561430469 
1.5683727750038194  -0.9468081222833148 
1.5608899067779807  -0.9397690270403792 
1.5835871592989845  -0.9820373633502549 
1.5525953921003308  -0.9646889142903148 
1.5472756310147806  -0.9263683781741541 
1.5340329710892235  -0.9117117426807317 
1.5552293084941544  -1.0021269697247444 
1.5496781202084526  -0.9910809177254636 
1.56594853933515    -0.9609997429670363 
1.5538621334285578  -0.9213207090865209 
1.5680857776242545  -0.9942104448064485 
1.56600349333363    -0.9271218307791224 
1.5666321903559652  -1.0188044162567522 
1.5661977943357632  -1.0140371895662312 
1.5692538494694332  -0.9565455702783396 
1.5666273782655398  -0.9488954342479361 
1.5660169596391669  -0.984800962004054  
1.570112638426231   -0.9831071566604742 
1.531584252378949   -1.1682742869657583 
1.56002052005055    -0.9381003775924738 
1.592750177929541   -1.197791153150559  
1.5594599109450336  -0.967079179510457  
1.5507997935958073  -0.9046792972394609 
1.5541342064018508  -0.9000365229149865 
1.587127790781347   -1.197791153150559  
1.5739490115533594  -0.937825491518695  
1.5618980281475694  -1.0220789157242984 
1.573657456908402   -0.9665018988554266 
1.565904676777692   -1.0630050976159156 
1.568896600304992   -0.986493040027625  
1.5680226348700177  -0.9596753578767565 
1.5490302966638447  -0.9494215081513794 
1.5572145870345608  -0.9242574304300841 
1.5655800028775833  -0.9667317634103951 
1.5601771387504553  -0.9751650293194829 
1.5625456509151068  -0.9356782354021962 
1.57759149126078    -0.9173830487981568 
1.5616217563827903  -0.9836259932102305 
1.5506403189301745  -1.197791153150559  
1.5543482423854722  -0.9945748344842175 
1.539009264985967   -0.9272214839905498 
1.5697818592053407  -0.9490960516985825 
1.567481958873136   -0.9676988324463482 
1.5204092943003136  -0.8989671750804349 
1.5563781340074259  -0.9512727636874219 
1.570311047391843   -0.9392957461011882 
1.568384558692553   -0.957038477035163  
1.5547226183905292  -0.9379304622485449 
1.5714770361620878  -0.9591812154399049 
1.5731462455343856  -0.9746028995444149 
1.5571520166373523  -0.9643973233057737 
1.566784013342001   -0.9372516580536548 
1.5629578323718925  -0.9890950937722878 
1.574404032765078   -0.9589936890197137 
1.557372763165985   -0.9830345190358627 
1.5535481641236955  -0.9275344039558676 
1.5506666004420973  -0.8925832153566564 
1.5794412987459294  -0.992771924067697  
1.564951289165122   -0.9587306794403788 
1.578973751142927   -0.9360049930663059 
1.539675822300455   -0.9328457710172524 
1.578395484183882   -0.9236420841073875 
1.557683157247066   -0.9356166347067661 
1.5591306813571506  -0.9613561399743592 
1.557286221381357   -0.9579610234873209 
1.5755961333721997  -0.9279581116103913 
1.5499759542383331  -0.9286438646668875 
1.5666674878788092  -0.951978780054976  
1.5640466645206228  -0.9237996353264513 
1.5745066132080814  -0.9554618831745229 
1.540154481902715   -0.912642062720291  
1.5596885530436808  -0.9362273410794416 
1.5610295720266232  -0.9323642882016441 
1.554484387592068   -1.011086799103753  
1.5585918322825667  -0.935734582012246  
1.5389242778623973  -0.9357259086792662 
1.5664257877902912  -0.9597118864844145 
1.562464758953449   -0.9986601335736767 
1.573201687140586   -0.9798513190675073 
1.5666574192212297  -1.197791153150559  
1.56963683516053    -0.9395542636448826 
1.5674888891198056  -0.9736429411868498 
1.5493511732692025  -0.9589682071480221 
1.560485530729221   -1.0008107637885924 
1.5695008500294716  -0.9091983917417794 
1.5551803810488956  -0.938644301395309  
1.5627863437601628  -0.9745540030161278 
1.5698786777780596  -0.949352373465343  
1.5698656840544152  -0.9169938158101059 
1.5755984562828143  -1.197791153150559  
1.5599141824794165  -0.9993273637116932 
1.5383103521619725  -0.9379402738919775 
1.5468814824169608  -0.9310722013119106 
1.5649296497222214  -1.0012315570447081 
1.5605516063651783  -0.9458709139675965 
1.5475647153438652  -0.9443402764482279 
1.5567884402230845  -0.9705449148081833 
1.573667308175103   -0.9611628221051478 
1.5749676846816545  -0.9848449143124612 
1.5665054169609474  -0.9650602354483232 
1.564711771628107   -0.9921963434938548 
1.5570843884792587  -0.925111305007758  
1.5598004683770545  -0.9694531505320926 
1.5700715630881041  -0.9583772596269694 
1.5622791633780067  -0.9463499372314353 
1.5484013095695477  -0.9228070933751091 
1.576107990570377   -0.9071384858201454 
1.548777629268856   -0.9288822784316016 
1.5471773590926725  -0.9270494773291124 
1.5465958976741219  -0.9084556306006485 
1.5498647300468398  -0.9766292588770654 
1.5471111824288668  -0.9187452269051454 
1.5555955018892287  -0.9897021751794112 
1.5366415708571628  -0.9112317393800827 
1.5663569470843388  -0.9669545443223503 
1.5544771135690816  -0.9289907109114812 
1.5492843080296506  -0.9449648803748704 
1.5586451043466134  -0.9897392765067106 
1.556925720830274   -0.9177890082502898 
1.5664940884147414  -0.9974352668416798 
1.5563625242705261  -0.9327408259484611 
1.5584691176656156  -0.9351592525307618 
1.55701430629395    -0.9356242578847475 
1.5965033962761153  -1.197791153150559  
1.5746928607819994  -0.9485719732441829 
1.5596326155857647  -1.063340152274031  
1.5567452839873108  -0.971050426432892  
1.571280993142136   -1.0355652312383727 
1.5336289501282252  -0.9310260632118244 
1.5548221005559095  -0.9672665948338705 
1.553183364403865   -0.9925020432445052 
1.5637466268367455  -0.9315051226945887 
1.5708858872451832  -0.9357792957253984 
1.5612617790077898  -0.986391380372757  
1.5373649791183863  -0.928963045931072  
1.5695524409472932  -0.910255136491453  
1.5870094676096655  -1.197791153150559  
1.5555308572267335  -1.0107201626209639 
1.5585580575972717  -0.9461758790602479 
1.5357737908557492  -0.9283302484139162 
1.5482758863120938  -0.9436442155353293 
1.590227989134746   -1.1907983254331953 
1.563384707248169   -0.994963654657248  
1.5536309354335358  -0.9863007833708889 
1.5716211014844144  -0.964832789872591  
1.55962313091833    -0.9285976749848207 
1.5544950123483132  -1.000071529174514  
1.5737718551414337  -0.9147364046024845 
1.5590077738014796  -0.9773697337833495 
1.57043789898596    -0.9714526357394747 
1.544509911945511   -0.9372803256024428 
1.5558957906869326  -0.9074181281304163 
1.5643617376118004  -0.9798401064090346 
1.5540154386434517  -0.9292094192920696 
1.5572318207789708  -0.9537732652376905 
1.5541980216218059  -0.9213796219613581 
1.536731014416869   -0.90948904622232   
1.5670336227537989  -0.9447488998862199 
1.5490286207041173  -0.9317037097113328 
1.5634038107485315  -1.0235890850004876 
1.531966626613914   -0.90593813591472   
1.5655459387710915  -0.9422700907778407 
1.5678341041416775  -0.9368850823849025 
1.5629354848914845  -1.021147613638285  
1.5660138237547976  -0.9720730603526    
1.526245492656049   -0.9336968206147225 
1.559379034179563   -0.9984253555170969 
1.5424772879351474  -0.9111157374408796 
1.5524589640605089  -0.9981729913938493 
1.568265271317326   -0.9653403968219807 
1.5678235202776218  -0.9482473470831025 
1.5564680109269753  -0.9918892938931243 
1.5617418562449568  -0.9402182052092106 
1.553817332945703   -0.9314245919000804 
1.556745657289414   -0.9505576409587561 
1.5436614862972107  -0.9173067205174682 
1.5622083770372581  -0.949086355324595  
1.5406105058424573  -0.9146085363952582 
1.5558931804713871  -0.9377073561301598 
1.5491540139181619  -0.9757585395926475 
1.5278940943201036  -0.8818234112134793 
1.5671435252984676  -0.9467830794877702 
1.5725289144577315  -0.9716348450070217 
1.5600441536894687  -0.9913548655722952 
1.5421600283139902  -0.9149713777692065 
1.5474522107254958  -0.897660956555295  
1.5508727476087876  -1.0023535950335976 
1.5662689365075901  -0.9214133419960806 
1.5726632059966577  -0.9880457919918912 
1.5639229988374974  -0.9367202609737334 
1.560805566568411   -1.0545746377809233 
1.563948439525761   -0.9345777707728162 
1.556250474955281   -1.0226582829598958 
1.552964928274754   -0.9416326274859956 
1.5663470217979705  -0.9696498818183408 
1.571453626523185   -0.9600935128035508 
1.5755154453532723  -0.9607856275312407 
1.5563349756081748  -0.9780501084630228 
1.5685307361195817  -0.9180160220667396 
1.5641995554965047  -0.918889815242684  
1.5632324989903887  -0.9197482166685909 
1.564106147423042   -0.9465374657001907 
1.5537347748362298  -0.9468248486014994 
1.568545501996266   -0.9368761549342319 
1.5579919461587655  -0.9822834730805572 
1.5460669344759792  -0.9501980944530268 
1.5698756353037164  -0.9726408699021475 
1.574778044502995   -0.9695813877719781 
1.5703169076084162  -1.197791153150559  
1.5468229946705758  -0.9219110471704435 
1.5515334037828425  -0.9284232511259899 
1.5240069414226949  -0.9476305844203478 
1.564637791040202   -0.9656193420723101 
1.5623932797345457  -0.9182946987681763 
1.5667311137410433  -0.917987759241808  
1.5686736405185269  -0.9752290002300127 
1.5500322675538374  -0.9387304451293468 
1.5744180790380864  -0.940433657779626  
1.545202145558106   -0.8826719513779963 
1.565209046596188   -0.98805618378233   
1.5312947888265174  -0.9164666034062935 
1.55032012546687    -0.9135468929578103 
1.5355007739142157  -0.9103836075703978 
1.5704285195676106  -0.9568689816128153 
1.5644156600546195  -0.9541602641813223 
1.559805386995662   -0.9295319160739718 
1.550315038527192   -0.9713980671159512 
1.5467550867012683  -0.9187314685696751 
1.556646818638141   -0.9552567975747391 
1.558199221797125   -0.9348452962863257 
1.5662512711017285  -0.9523767466166864 
1.5583874600237824  -0.9674576307605025 
1.5464930247433482  -0.9179840114794287 
1.5658676296827487  -1.0063003499048726 
1.5321043326041814  -0.9175043265218292 
