0.994428032785077   0.4936722685723969  
0.9944348633735431  0.49367224771610985 
0.9943940615113203  0.49366944122631096 
0.9988612850872676  0.4984274949573222  
0.9953793284017951  0.49553432641952305 
0.9964217930367273  0.4964106745384946  
0.9957341294781732  0.4953097955411604  
0.9937226459037101  0.4952173256193191  
0.9945607526848237  0.49527846689652044 
0.994638804302517   0.49597819238901064 
0.9962365313905676  0.4967751993269229  
0.9969801051299259  0.49749571073707455 
0.9932959988064332  0.4947224301092199  
0.9942401940969243  0.49376113579285885 
0.9940142796562113  0.4958395239075375  
0.9959099843303731  0.4969330594720254  
0.9958412951538206  0.4955862297813917  
0.9936923749922897  0.4946019549731401  
1.9312640661491187  0.9881982429404655  
0.9928862150959844  0.4945703187658839  
0.9963785707951776  0.49915411231866447 
0.9950892861574545  0.49798772889821596 
0.9937434427369702  0.4965876136182373  
0.9929252052156614  0.49553127427579235 
0.9935615365113202  0.49456932886978944 
0.9957871421287243  0.4969998891569746  
0.9900798180086382  0.4958542138610626  
0.9935160219932024  0.49689353718607543 
0.995695123215439   0.49841006500651164 
0.9945335983865843  0.49731731788374606 
0.9918300972304607  0.4945572196322362  
0.9927009288377272  0.49421646730279123 
0.9956206024853641  0.4959519124683047  
0.9930836855141983  0.49409500933315864 
0.9930391380676602  0.49467774859841246 
0.9944801007741159  0.49617601345079104 
0.9957489507739042  0.49716878523572966 
0.9942242851656887  0.49478850869311347 
0.9946219104192933  0.49529289971297064 
0.9965353970497447  0.4952926848582031  
0.9955835989536941  0.4977241958618841  
0.9979184896906629  0.4960186636360812  
0.9945318192311365  0.4950552739759736  
0.9945724912742365  0.4965112125723699  
0.9944845100309881  0.4963059902577382  
0.9926332204609197  0.49567551992398107 
0.9941371592252134  0.49582861293572156 
0.9925986225278123  0.495036515335778   
0.9939145286786863  0.4947454783352262  
0.9960733418609645  0.49653098466033435 
0.9920917321312516  0.49388618500075887 
0.9948756406448493  0.49573299026771184 
0.9970348182005204  0.4960264591193242  
0.9926444591253847  0.4947724197834426  
0.9978339045798562  0.4983146014163721  
0.9939822654263278  0.4956404422345638  
0.9899090551836028  0.49369493144894444 
0.9942988809299976  0.49496667940229777 
0.9951658630636537  0.49702294086296483 
0.9948397605879147  0.494858648013477   
1.9312640661491187  0.9881982429404655  
0.9988459030094926  0.4963800429744305  
0.9900525286754193  0.49354507022361116 
0.9972027921456379  0.49793416000437873 
0.9950609094686963  0.49633986102579625 
0.99424387995957    0.4951464772512554  
0.9939971353977883  0.4950778699116327  
0.9916314233389466  0.49398042263556136 
0.9923142533981031  0.4943472406832639  
0.9942516977090308  0.4957100629454276  
0.9967220837388642  0.49740102746404075 
0.993654169626757   0.49571886060561743 
0.9935880507279169  0.4952448685613981  
0.994123947206058   0.49545510344144306 
0.9946777427318024  0.49558506072903985 
0.9959928541562564  0.49432323931362177 
0.992639033563678   0.49372915492238717 
0.9987489863962051  0.49984120703101725 
0.9957277516950302  0.49775859535774913 
0.9948533064203342  0.49630363862869775 
0.994372397658354   0.4950292046870151  
0.9922557838820519  0.49528248452512236 
0.9973147958702557  0.49698432077170646 
0.9948227585183431  0.4967287626762713  
0.9950087971538578  0.49441906710157113 
0.9953442181075913  0.4968227966836299  
0.9958200752754429  0.49585046981167147 
0.9912031533819287  0.4949987013758745  
0.9952198558860779  0.4945579186493189  
0.9943240311519399  0.4962072232284248  
0.9938970664267265  0.49415863909973345 
0.9935881124245779  0.4942980154395961  
0.9949246088703565  0.4960084686287022  
0.9953620136127367  0.49526958016983075 
0.9898493588349948  0.4922125339947497  
0.9959504279198194  0.49486196990659215 
0.9938062850610776  0.49503598643344726 
0.9888085757253563  0.4922291190125585  
0.9951932498667143  0.4975937138696383  
0.993063716887646   0.49559375323639193 
0.9968362748527424  0.4970432002532274  
0.992511945198214   0.49452304702592825 
0.9945468025076701  0.49471144117944443 
0.9950410565372951  0.4968687139836371  
0.9943125919620099  0.49502880875995825 
0.9931694758647268  0.4936322127557391  
0.9961948284852169  0.49615469292863845 
0.9922293781841185  0.4945330769965731  
0.9942060411074344  0.49526130968114107 
0.9941846008462036  0.49580535696686084 
0.9918898215653084  0.49314297829856035 
0.9945844109891872  0.49602438045369945 
0.9962684570362866  0.49750404563705575 
0.9924680888612946  0.49519061196506947 
0.9939872323315788  0.49714217386035814 
0.9949950718373688  0.4962903355511661  
0.9941722422661403  0.49452085133863655 
0.9913612296217756  0.4941903850621925  
0.9937258064519257  0.49509626258772643 
0.9950138629628853  0.4967694631865558  
0.9942697517535144  0.4951522722831241  
0.9970050174555249  0.49755207790053707 
0.9952844664267174  0.4964000035990249  
0.993845974631155   0.49485974476395655 
0.9952366696086626  0.49457287524766946 
0.9962015861299767  0.49712880008098626 
0.9937737852833721  0.49542523675353745 
0.9948259135555391  0.4945584660463766  
0.9950588936593949  0.4955892517782636  
0.994950294393231   0.49499795554096415 
0.9915781913553176  0.49480325066519876 
0.9944058942302997  0.494820285376901   
0.9967851586038747  0.49593998610884243 
0.9941661502253003  0.49592493775752255 
0.9960257127837182  0.4981339471650411  
0.9942772075715329  0.4954436608311422  
0.9940762814874593  0.49349304362449936 
0.9955556462553604  0.496164512280999   
0.993456358030227   0.49696947589716783 
0.994463326818451   0.49562148712520754 
0.9927650986059168  0.49556646490774814 
0.9958282441154851  0.4965014010847835  
0.9952896704047937  0.4955867678681169  
0.9916362384577264  0.4945458190568691  
0.9960125342414132  0.49472542515345586 
0.9937216330328515  0.495875000969746   
0.9952851462871877  0.49617569748282253 
0.9944638562659001  0.49528052274280754 
1.9312640661491187  0.9881982429404655  
0.9945498550497806  0.4952478309723788  
0.9942537282496342  0.49513324843102746 
0.9946079510224327  0.4958527893883028  
1.9398197043239886  0.10496990541124218 
0.9961020656187345  0.49742270752835627 
0.9946647529123652  0.4943933889255113  
0.9940617694269249  0.4941861150118866  
0.9935210644725448  0.494671928852047   
0.9927018601230532  0.49287636928929757 
0.9950870404898476  0.49539056602769743 
0.9955430461198322  0.49555860971397575 
0.9974678445594389  0.49616823833026635 
0.9945374546623001  0.49583168304263986 
0.9944302706839093  0.4957475811033442  
1.9398197043239886  0.10496990541124218 
0.995570625988799   0.496244598090036   
0.9942187701811843  0.4961381989482698  
0.9954505903851817  0.49555275028219825 
0.9943112235285579  0.49403847738360385 
0.9949894345506458  0.49608028381459596 
0.9959909683978159  0.49774775663785725 
0.9952054544484313  0.4940048558744668  
0.9969702066888445  0.49562875647868765 
0.9936194106400967  0.4927668472801858  
0.9926413081652765  0.4963464885499698  
0.9943183605719513  0.4961370413780384  
0.9960746337527189  0.49489495700532093 
0.9983730617112285  0.49889900115031627 
0.9926463235999211  0.4955837243006401  
0.9938667715869702  0.49598786605619055 
0.9951283037668154  0.4968911365736743  
0.9936897792060159  0.4953755287012873  
0.9937200248051233  0.4959152523600857  
0.9947663844500552  0.4970482714811091  
0.9923241465696702  0.49391530352769825 
0.9939104010473638  0.4958916050477038  
0.99396998631725    0.49525058736909017 
0.9963124689982121  0.495627020466186   
0.9968396683993079  0.496596257531603   
0.9949234603793431  0.49448632019250915 
0.9972323533857661  0.4962112522182054  
0.9965531042046525  0.4955165715869385  
0.9937892302919281  0.4949768243637769  
0.9923479856170001  0.49362445951036893 
0.9966847156577348  0.49709363830946224 
0.9962095994575453  0.49623994736530935 
0.9936699477853738  0.49565800195759757 
0.993486947796693   0.49492867835882587 
1.9312640661491187  0.9881982429404655  
0.9943771525288708  0.4949930803635529  
0.994230000326086   0.49502167579773015 
0.9943260262728457  0.49446355521793234 
0.9964883635829613  0.49664191171953903 
0.9905695166612926  0.4925755433335386  
0.9951896186891013  0.49593172213106806 
0.9952565711388531  0.4956068598490383  
0.991160946903524   0.49480338132689206 
0.9940468407654603  0.49595589357443054 
0.9935021176077673  0.49466352096102645 
0.9973587134059054  0.49850998761425835 
1.9312640661491187  0.9726261649881027  
0.9947080882120821  0.4950386865701458  
0.9961210364387441  0.49494122854033396 
0.9944931870517489  0.49452577444710977 
0.992840475294054   0.4940609825743477  
0.9931471019513516  0.49467456898912804 
0.9950232965384351  0.494907304890825   
0.9955926221406411  0.49610767499888686 
1.9398197043239886  0.13094966900369656 
0.994578749006873   0.4963027655215563  
0.9995806595559784  0.4979165526190843  
0.9952428066279034  0.4949183316703727  
0.9949317313842565  0.4946210823964605  
0.9944067231562601  0.4965480481630151  
0.9935704071043981  0.4963728735241238  
0.9950279272863408  0.49546368665732055 
0.9942388662452368  0.49654776317166055 
0.9931447774016152  0.4956991783928823  
0.9974304746729659  0.4972471820518909  
0.9971012771014393  0.4959285606302414  
0.9935615192630658  0.4936486576862573  
0.9922677731493098  0.49358411389081747 
0.997419781349932   0.49620897278281956 
0.9940308318092789  0.49476404511960825 
0.9938710677863422  0.4933516533434851  
0.9982102215507966  0.4977141368961727  
0.9933254021219194  0.49474287881433304 
0.9969944657952692  0.49444218463197165 
0.9959315364923116  0.4962543723312266  
0.9948317269303883  0.49578753583289714 
0.9962828351766035  0.49631075604791847 
0.9997313916601105  0.49880405479746537 
0.9951555430894229  0.49665140894907234 
0.9944251621106519  0.49702437285158924 
0.9939481307358342  0.4955895894166683  
0.9947550622369065  0.4946063582724485  
0.9947230001695821  0.49635544990760677 
0.9929877221660547  0.49258077656597044 
0.9927044953875861  0.49371854061042453 
0.9935978237667478  0.49508227228970036 
0.9952143122816633  0.4976091243699968  
0.9919092995498588  0.49367453157934554 
0.992467560383891   0.49359732294966663 
0.9958057149820326  0.4968099921705893  
0.9940042197711219  0.49460395180640554 
0.9970282570133514  0.497781800524979   
0.9965322284365197  0.49582003847777933 
0.9935279181637805  0.4941046474470413  
0.996315173220228   0.49726771262623615 
0.9968560238603533  0.4959725048420043  
0.9944745686964619  0.495797292276583   
0.993048856723116   0.4950165307067454  
0.9944359727367491  0.49560689594593643 
0.994586948482296   0.4973481400132121  
0.9942145053570858  0.49356764815320964 
0.9964974248310328  0.49635531203906247 
0.9954322517865777  0.49558807068378286 
1.9312640661491187  0.9881982429404655  
0.9937743845342432  0.4952015311773734  
0.9966908972346517  0.49630740285295466 
0.9952690244827317  0.4957384612744991  
0.994580048131808   0.496463609119697   
0.9920467447295873  0.49389202176815844 
0.9916473305779888  0.4934852591077419  
0.9943582926252396  0.49483752778688705 
0.9943511188030217  0.49578989810292406 
0.9944556053938586  0.4942474731069903  
0.9956528794669203  0.4958552416997599  
0.9936755591399486  0.4946631270828772  
0.9932888178722197  0.496898248077723   
0.9943282894953265  0.4943391217540534  
0.995736450386053   0.4958096995214915  
0.9939866929521636  0.4957659485286069  
0.9945994302288492  0.49579323822933447 
0.993287618680194   0.49470291780827524 
0.99257390253527    0.49489124757753655 
0.9919297928995575  0.49413130806186195 
0.9952938789826978  0.4950898455568723  
0.9977251065942074  0.49632279288843134 
0.9906946757943217  0.49306672846928873 
0.9940188928444251  0.4960182427516207  
0.9952730293668329  0.4966761054092266  
0.9928969427861205  0.4948483143334604  
0.9926330761053013  0.49467130722141883 
0.9928136779229828  0.49394126995769794 
0.9946072530663005  0.49554802383950136 
0.9969004094602703  0.496841056614173   
0.9964749869782271  0.496281760828159   
0.9949011665750681  0.49478160669462246 
0.9946118501589448  0.496114166222193   
0.991793006658644   0.4931040301577905  
0.9936512930729002  0.49459905342001753 
0.9968690886906489  0.4962887820994205  
0.992384688048955   0.49526976499944775 
0.9962093748043     0.49520347143263643 
0.9922203443236828  0.49458629905089224 
0.9953151642530297  0.49706877801871396 
0.9939114354134069  0.4940645542077037  
0.9961494378765612  0.49667866075673434 
0.9963139590521984  0.49541024569329767 
0.9946330322743575  0.4952076518112632  
0.998546043990694   0.4977973302401508  
0.995493447197254   0.4981332003853879  
0.9982140958478277  0.4987445581012537  
0.9971101415441987  0.497897276985341   
0.9946069621303951  0.49543400387158953 
0.9947548806852766  0.4950028832695491  
0.9946750693659804  0.4961853141518573  
0.9965634441945649  0.498367304918847   
0.994956761602019   0.4956977925345119  
0.9971800155003572  0.4985675191447362  
0.9938057007793998  0.49501612944314966 
0.9961557396831784  0.4971428723162721  
0.9934327953361044  0.49383664388861764 
0.9962847270575895  0.49642493025518847 
0.9948254136639832  0.4965335875718163  
0.9965227544308941  0.49673669279203114 
0.9933311421861392  0.4946634075546569  
0.9951096475145911  0.4946968763497311  
0.9946943784806408  0.4936788240310015  
0.9936833680857503  0.4938402128414757  
0.994881602089113   0.4966403984461437  
0.997295469026233   0.4977535038030527  
0.9927692719756733  0.49565810793522785 
0.9935698195279631  0.4943787911683117  
0.9973646964033348  0.4986677558167284  
0.9931308971199319  0.49611304298433395 
0.9915708384759899  0.49367512974927724 
0.9950942088891812  0.49449831409450634 
0.9940729508472183  0.4974546323084937  
0.9955460267335999  0.49628259247329304 
0.9963448943120734  0.49394151698263405 
0.9945406595269339  0.4985681576096197  
0.9940974537198624  0.49377753144796716 
0.9956256446135735  0.49421763146881365 
0.993435953845749   0.49591471251222236 
0.9966379955320419  0.4976680161184635  
0.9941633742547901  0.4946119457761225  
0.9919268337076762  0.49416786072322183 
0.9929614306674285  0.4944784149710649  
0.9937199321377899  0.49736446585899596 
0.9958252171945904  0.49815982820407295 
0.9954071647197021  0.49589567605900015 
0.9958928046687879  0.4968870085555385  
0.9945803620844798  0.4944744916579854  
0.9965826480992749  0.49653248779701736 
0.99487240901844    0.49668855947205126 
0.9933324566616063  0.4951135068517785  
0.994249495160664   0.4944301743315766  
0.9965388435201585  0.49749666730978265 
0.9956673151525977  0.49641649479291083 
0.9933112603487813  0.49510214680370146 
0.9924007546436793  0.4975744038815181  
0.9945996067200412  0.49756829717087564 
0.997643792997737   0.4981265152986488  
0.9942227303253961  0.4962712583726764  
0.9967911956834853  0.49882999149418916 
0.9954484468435194  0.4955901616931054  
0.9945807553946241  0.49424912062876714 
0.9941884208484099  0.4957980660899853  
1.9398197043239886  0.10496990541124218 
0.9936700287946623  0.4962671571768078  
0.9910947443335205  0.4938944856768385  
0.996091335653821   0.49544154424193476 
0.9949773573002035  0.49568487626851343 
0.9943061309975227  0.4963202152489103  
0.9951503626846023  0.49557068165228335 
0.9944531630508087  0.49525282651733793 
0.9963137429926037  0.49632136664205107 
0.9955241757114076  0.4973127432044441  
0.9944205457201959  0.49546794604985966 
0.9938602970071277  0.49465748630948825 
0.9958074384564942  0.496922253810393   
1.9398197043239886  0.13094966900369656 
0.9947035622534649  0.49457605142919375 
0.9949295311267793  0.4958980836020275  
0.9950736454336836  0.4952392209363798  
0.9923505547650348  0.4940197649053199  
0.9950584571659825  0.4951539652503862  
0.9932610648605524  0.4937483443591548  
0.9941351882594109  0.4971506273648959  
0.9942197068957119  0.49554688680729475 
0.9933924832802431  0.4948996338439613  
0.9932460592612216  0.4954308682919165  
0.996933037122704   0.49571325322173765 
0.9947616291095481  0.4946551877490008  
0.9919786755893767  0.4936226178122965  
0.9927064433563132  0.4940787190987071  
0.9950105045466974  0.4951944500019188  
0.9947474301111776  0.49326906715930696 
0.9958784153733857  0.49658633138897396 
0.996289300070425   0.4958593373190014  
0.9954229266896459  0.49610730342069465 
0.993254402729858   0.49480773582581544 
0.9962989352862314  0.49642171106659727 
0.9947946958478265  0.49553388589362246 
0.9952261752825049  0.4966575309326381  
0.9958479473376683  0.4964000126910584  
0.9941710712670596  0.49528068186414803 
0.990327683303155   0.49375565383391096 
0.9953667218757576  0.4961430173863566  
0.9956683211138115  0.4964087821921573  
0.9965107737232735  0.495950582072436   
0.9969652590395218  0.49844146982547033 
0.9945022387086634  0.4940630350360099  
0.9945510716004895  0.4947134075575526  
0.9947745873270648  0.49567230047159366 
0.9928528368472611  0.4938205450145407  
0.9963420422143887  0.4968217062008844  
0.9938548499904759  0.49559474291544153 
0.9960792957932378  0.498342857886335   
0.9948374187374346  0.4940585441086621  
0.995446235206473   0.49527324855724664 
0.997019093191106   0.49692484547063837 
0.9952222406833394  0.49378039594560663 
0.9946784684844389  0.49569418534889464 
0.9974749392056766  0.49725730064320395 
0.9962394953075503  0.4965574844252071  
0.9950985001926661  0.4970842071652373  
0.994012799697947   0.495450386364046   
0.9956766622551317  0.4955183788027385  
0.9943116613802024  0.4955826129071474  
0.9952466726490241  0.49615860946371926 
0.9933336079113784  0.4951117041954416  
0.995294002132307   0.4962157324685319  
0.9932364580229845  0.49437069559587243 
0.9923701414727866  0.49616373740245956 
0.9955050050906519  0.4953339861438295  
0.995721251061128   0.49477287359125116 
0.9939521391838112  0.495308804444719   
0.9958518193402759  0.4960382037064928  
0.9954188764082929  0.4942832459174058  
0.9924758260295364  0.49344274782340797 
0.9921876654133671  0.4937052363367423  
0.9953075107398566  0.4951385745760899  
0.9937173909548485  0.4958237141700275  
0.9945583624441425  0.4985265367480721  
0.9931042998862887  0.49428529019507056 
0.9958284335214815  0.49727628249924244 
0.9939314460315961  0.4956126394735412  
0.9952374889674137  0.494891929763499   
1.9312640661491187  0.9881982429404655  
0.9927472897627789  0.49335946158946764 
0.9973498870577553  0.4960663628704577  
0.9977670066183774  0.49642602970586724 
0.993599861070764   0.49560690677159386 
0.9955200815939717  0.4957562234893416  
0.9944758959498069  0.49588484194141025 
0.9949332153709303  0.4956445729849312  
0.9925413674543455  0.4944365063081893  
0.9955664042342168  0.4960805475729377  
0.9953989631928298  0.49375867586388605 
0.9901435496838678  0.4931341039031273  
0.9949429018698716  0.49483977575686006 
0.9957654178009404  0.49665846770195987 
0.9966884510508764  0.49906413568963487 
0.9941463536063415  0.49497570557423093 
0.9935926561287379  0.4955031129856395  
0.9932008929053439  0.49340140644945185 
0.9959044792955355  0.494490346311804   
0.9951732206738884  0.4956379984533724  
0.9964297461762189  0.4966570272651275  
0.9950151328989747  0.4952238918922597  
0.9968090410690137  0.49869544787402986 
1.9398197043239886  0.10496990541124218 
0.9955941090494967  0.49513031643570354 
0.9948652817479556  0.4960642758872856  
0.9943250367046316  0.4944792145155003  
0.9919127509079735  0.4947142510083139  
0.99987042775447    0.49918691520152747 
0.9909107808637846  0.49376684137572113 
0.9953790609242912  0.49640915045409917 
0.9944254396611597  0.4952411156373855  
0.9956555737507188  0.49446021051643674 
0.9964509482195695  0.49889726831589426 
0.9950992108118933  0.4968141936465324  
0.995570035304411   0.49626721785692957 
0.9953213037036192  0.4940420449836878  
0.9940200425370298  0.4968718413642739  
0.9917323874664774  0.49498472237730307 
0.992782853492539   0.49468259515549234 
0.9971818561368863  0.49597859156433355 
1.9398197043239886  0.13094966900369656 
0.9946747506643706  0.4930297896439933  
0.9944033324681306  0.49503402139114194 
1.9312640661491187  0.9881982429404655  
0.9924389391570141  0.49497139361300824 
1.9312640661491187  0.9881982429404655  
0.9954897299996922  0.4947654754381347  
0.9955249371443997  0.4963695264475719  
0.9942439895138094  0.4946347028016918  
0.9940785403795032  0.49402740108093923 
0.9957311830724787  0.49633189166551295 
0.9915598249061047  0.49586422431647365 
0.9933280040572909  0.4945166718708416  
0.9951929151203549  0.4957992467480724  
0.9946314784720426  0.4945389578388804  
1.9398197043239886  0.13094966900369656 
1.9398197043239886  0.13094966900369656 
0.9964097956501377  0.4957421454072457  
0.9966451809349195  0.4953324995432702  
0.9960812661211028  0.4992313054454551  
0.9942197516689043  0.49552416101678576 
0.9952687975908608  0.49606104418140134 
0.9953706819810105  0.4958277375645159  
0.9963760051063574  0.49529848709378593 
0.996241199347408   0.4980890970621183  
0.9969321637692157  0.49611365574971394 
0.9926152523042956  0.49499293606205885 
0.9961176558702431  0.49684403905984714 
0.994099198236613   0.49734054702624236 
0.9922201690882902  0.49374132357465517 
0.9972735432238921  0.4957224661346106  
0.9944364588989332  0.4965567371233345  
0.9937868412618927  0.49601746096577753 
0.9942767930985563  0.4957316718579634  
0.9959986520452422  0.49751498590676374 
0.9918495622220543  0.49338425723627327 
0.9952319588711508  0.49618938171870985 
0.995335069109598   0.49660348129031684 
0.9937873007374045  0.49535645378151727 
0.9932698602540775  0.4944773722733695  
0.9965245427134154  0.4963035031186326  
0.9957577535273081  0.4980568893899376  
0.9977218291478668  0.4970563327682563  
0.9921982547115664  0.49418886000014106 
0.9940070169643129  0.495751123113009   
0.996091757274769   0.49638838526331747 
0.9941772347409541  0.49620921754128156 
0.9929028450887252  0.4939508780613932  
0.99327092481007    0.4930598833328432  
0.9985536326689138  0.49637784183331807 
0.9974440732774061  0.4957069504282741  
0.9961198079356295  0.4969206864261787  
0.9921884799782857  0.4942703926607797  
0.9924143357702948  0.4932784004860502  
0.9965181567883756  0.4950052657792221  
0.9943929353924152  0.4941564966260139  
0.9928452334306832  0.4953842337439086  
0.9954935518910801  0.49582636926080415 
0.9950464586337409  0.49611805272047776 
0.9937724762960061  0.4937362626393988  
0.9948153793732362  0.4977479665674402  
0.9961510442222361  0.4938395647002393  
0.993089864132703   0.49483099114019535 
0.9920862019114002  0.49504711484805836 
0.9943764527762494  0.49438305068089095 
0.9924311349059517  0.4959008100980949  
0.995106250148088   0.4958869515679906  
0.9935425602307019  0.49565788787265236 
0.9988864972185592  0.4977911057639038  
0.9932778469603425  0.4947212597630539  
0.99299518208415    0.49414128669938584 
0.9940387300390925  0.496261089887346   
0.9960816394773422  0.4940701937763583  
0.9947929258700366  0.49793901541708857 
0.993049834541139   0.4943702673184713  
0.9956346195920837  0.4957942201434366  
0.9956674294495739  0.4968512525056105  
0.9930441965588206  0.49478431206979046 
0.9920533963194373  0.4946966101029674  
0.9903239331563872  0.49153515912136825 
0.9921467083515791  0.4947399449102411  
0.9953390067594384  0.49687508573593603 
0.9937215130626309  0.4958796685731925  
0.9976533371080873  0.4965875460589586  
0.9953874806538716  0.4955883651233377  
0.9943624868812532  0.49470346192420017 
0.9935842986795869  0.49526811210191934 
1.9312640661491187  0.10496990541124218 
0.9963252827172934  0.4952549080828262  
0.9961203752899086  0.4957544731432366  
0.9908208209170181  0.4935913823864649  
0.9910816773536654  0.49378956786139633 
0.9924466308895462  0.4945580680547701  
0.9960255406140227  0.4977173316962037  
0.9948466767620929  0.49406977588512097 
0.9923311865778018  0.49249327112625463 
0.992295533483674   0.4938371003553282  
0.9965728197937477  0.49702938580770534 
0.9940232810820577  0.496295883383224   
0.9931276743901112  0.49509391088785165 
0.9936816679166117  0.49423082172866245 
0.9937214094687419  0.4955544615712569  
0.9924409092800613  0.49435693735840386 
0.995395772370933   0.49479824780223186 
0.9981429011626656  0.49786715210493204 
0.9942836817034444  0.49475609133339316 
0.9957995117380348  0.4968357255291558  
0.9946490919736315  0.4958043247461372  
0.9931664165790197  0.4958765371059267  
0.9940245599918978  0.4940449371512961  
0.9952864943662689  0.49699856143881316 
0.9955699764300578  0.4965271263572173  
0.9951801005782182  0.4964915705521058  
0.9926606909753466  0.49455870637075616 
0.9957772364840679  0.4953121075928366  
0.9934832767103381  0.4958418772276699  
0.9951708659229542  0.4950544825018157  
0.9919931316950525  0.49532999361647395 
0.9950860808029635  0.49590096293521546 
0.996502434572057   0.4988992043639065  
0.9928647567505491  0.49393971658739433 
0.9936695431557909  0.49411617753041964 
0.992602138920412   0.49324708413352447 
0.9969891247599314  0.4974109656240764  
0.9945039920836094  0.49270125211310856 
0.9941146065827026  0.49510403975472284 
0.9945540245441352  0.494422385195682   
0.9936352859469236  0.49465333173287634 
1.9312640661491187  0.9881982429404655  
0.9930122775814613  0.49383072046059456 
0.9930226693371091  0.4960034883837773  
0.9941540656872961  0.49513858920746673 
0.9933114939212633  0.49331536657392944 
1.9312640661491187  0.9881982429404655  
0.9937477579571169  0.4954546731631082  
0.9944703278199486  0.49455331058945806 
0.9954892695130308  0.4970716920451717  
0.9960353581201357  0.495838716180743   
0.9934434850671553  0.4948442887275779  
0.9941743051145722  0.4951107299204346  
0.995213714651616   0.49555386595126305 
0.9938725161986055  0.49560861099591513 
0.9944639005467547  0.49680103361605127 
0.9957126080967994  0.49579968341612746 
0.9952586585791944  0.49439383793456054 
0.9927770879124836  0.4952912146588502  
0.9940848687358393  0.49629716741738206 
0.9912817093174882  0.49412555987308515 
0.994902762501643   0.4964622270778096  
0.9953731708675206  0.4963694721527393  
0.9949992066977835  0.49658507444969513 
0.9940421881744075  0.4949930552104328  
0.994284085897966   0.49531341353958935 
0.9948869374134325  0.49504876059905645 
0.9934119316234516  0.49526677173398503 
1.9398197043239886  0.13094966900369656 
0.9954594018652431  0.49623115362791964 
0.9977440484986059  0.49786414192006306 
0.9952292193977974  0.4963081704583269  
0.992431286295587   0.49423374659681785 
0.9950375257473716  0.49384425960065836 
0.992424255619432   0.49456681317996143 
0.9956112256591277  0.4959159047872855  
0.9917333653452299  0.4935567546668968  
0.994762691231481   0.4944651594217537  
0.9945204343766826  0.4964558729202798  
0.9974242898216081  0.4969768724665737  
0.9927705228318071  0.4954093302390724  
0.9934350310668885  0.4955237062967273  
0.9938650780417402  0.4953483541685585  
0.9934936994611546  0.4968361065334216  
0.993850691204312   0.4964044432106464  
0.9952193229372067  0.49605305283327183 
0.9943975480647239  0.49490265657939614 
0.994824445830656   0.4948443876439818  
0.9929622266993605  0.4952561418009248  
0.9948841162110562  0.4959014197783732  
0.99264680055743    0.49400755332693796 
0.9937656187098912  0.4956324233210998  
0.9966618540168972  0.496422080483893   
0.9939803746143564  0.49479107553550467 
1.9398197043239886  0.10496990541124218 
0.9945952772706712  0.4952440410838135  
0.9943891000343973  0.4952250730399774  
0.9949277626623017  0.49608195763637375 
0.9951283398188069  0.4966648698335302  
0.9961045416688     0.4957490714749237  
0.9954168384755491  0.49611775342245984 
0.9965159837390595  0.4970502675994789  
0.992227215190847   0.4942476296833889  
0.9940357513554239  0.49403707600624436 
0.9977626223357277  0.4986879069381335  
0.9948427966799337  0.4955448289772174  
0.9964290990134448  0.4966835483247844  
1.9312640661491187  0.9881982429404655  
0.9967792800764319  0.49716992730855125 
0.994658184839189   0.4963572997038574  
0.992200756995269   0.4947241800893029  
0.9958376621128033  0.4970139946841746  
1.9398197043239886  0.13094966900369656 
0.9929707048794797  0.4947099835224835  
1.9312640661491187  0.13094966900369656 
0.9912434581506627  0.4928535372037236  
0.9952554701415522  0.4952736292161463  
0.9943794490037434  0.4969347985022182  
0.9944479228808226  0.49590278973912194 
0.9917633667139935  0.4933856870612181  
0.9963360801722216  0.4973574453534283  
0.9961368178089242  0.497499433255543   
0.9938802321116892  0.4959290769138698  
0.9948047774445323  0.4949262915524758  
0.99504896984782    0.4960232973721903  
0.9936578236953162  0.4965957552342856  
0.9968985997396448  0.4981703355770734  
0.9976871283165861  0.4977036057837617  
0.9915044730833568  0.49415925617623097 
0.9972096083431516  0.4980820492135229  
0.9958277048319063  0.4949775298296147  
0.9936833538941946  0.4943478262794358  
0.9959835269804235  0.4964186751618044  
0.9958013881696341  0.49684187484033226 
0.9958935306527572  0.4959498783212415  
0.9944674655519233  0.49611409766098635 
0.993148417073038   0.496240519524901   
0.9967506136254402  0.49732912708113947 
0.9948698268951474  0.4950578279356847  
0.9927813135275668  0.4952684768788135  
0.9945924808866501  0.4951883227069568  
0.9946755454358299  0.4961008883975463  
0.9937462771811417  0.495851756357663   
0.997440574867245   0.4962327709468088  
0.994251461429589   0.49627347506098596 
0.9921724239553169  0.49432967181937076 
0.994299350360883   0.4969587798438994  
0.9926698370480871  0.4953046709922806  
0.9983702019378045  0.4976919494039486  
1.9312640661491187  0.9881982429404655  
0.9938857132335077  0.4965539008567367  
0.9949801864671304  0.49805766508397253 
0.9919947221051452  0.49345628567703675 
0.9951700968469641  0.4960389070678915  
0.9965231698889336  0.4962692639062775  
0.9972128332505358  0.4945435080150646  
0.9953993264619805  0.4962637616202672  
0.9952685521369653  0.49424011517238053 
0.9932623038439459  0.49443686895199734 
0.994887500399062   0.4960427848211545  
0.9958301376308653  0.4940063491856196  
0.9938165996428218  0.49503274480449705 
0.99485763679399    0.49618087990103743 
0.9963146764635834  0.4963458281813177  
0.9928887193942789  0.49425284735471    
0.9941776604038269  0.49488560131917264 
0.9972632257544902  0.49684122871819675 
0.9959251364597417  0.4969806543030807  
0.9953343549805804  0.49641953451184956 
0.9911812233594736  0.49533797376907246 
0.9931243595043786  0.49492164282142825 
0.9966337434433198  0.49732972909235307 
0.9939625584052653  0.493628272376476   
0.9964653414562241  0.4963329186911529  
0.9953346194699834  0.49626615662822054 
0.9945851019688031  0.4947025925273084  
0.9964414977288858  0.49791430239795326 
0.9962390544186035  0.4971946214854425  
0.9952008754408167  0.4962490159104292  
0.9923411735060694  0.4936334119792088  
0.9948558875722201  0.4966762424931822  
0.9959126577708615  0.4980654721662158  
0.9963675184263456  0.49672251056033323 
0.9921960291770718  0.49365452604139687 
1.0007593647136588  0.4981621657879117  
0.9922874205575163  0.4948399708383877  
1.9398197043239886  0.13094966900369656 
0.9896655967734015  0.491809804237637   
0.9978238004442299  0.5001538855910456  
0.9975503461673401  0.49613226817458556 
0.9948137104658816  0.49482625013265746 
0.9953966490596513  0.49330934918862784 
0.99361315279448    0.4960829559166996  
0.9959071580429059  0.49807898980506715 
0.9969435168255567  0.4979880931687254  
0.999082274233902   0.4978388101379122  
0.993237111043053   0.4927796214870419  
0.9941167673936678  0.49751653049844136 
0.9942403330740411  0.4945680544322914  
0.9914363920680022  0.49448505778906027 
0.9941449820039587  0.49671725909330794 
0.9943358161970881  0.4950510994104481  
0.9964995618635621  0.4968852351268127  
0.9923680329458753  0.4929351172987247  
0.9962526443421905  0.4952412966163191  
0.9948018656976416  0.49547482692600875 
0.9957754971702323  0.49564430400917936 
1.9398197043239886  0.10496990541124218 
0.9940764330153588  0.4973896258373504  
0.9940821231215653  0.4947800061113521  
0.994497693533576   0.4947499732081763  
0.9909732510761631  0.4935926573950678  
0.992452766195516   0.49383301988654865 
0.9934257670157873  0.49349536496469043 
1.9312640661491187  0.10496990541124218 
0.9921341208711805  0.4945041156435081  
0.9919750960315521  0.4945483371803804  
0.9934509034263272  0.49556175526449536 
0.9921152699984871  0.494155145386124   
0.9944269349633476  0.4950647601579391  
0.9979994601060653  0.49812328228876596 
0.996002048797593   0.49702846782830357 
0.9941008465967027  0.4963244854570871  
0.9940295388634428  0.4957749803370592  
0.9956249075668083  0.4964093878509833  
0.9910315456315962  0.4945371627243186  
0.9930391550137511  0.49625394802355993 
0.9944288432647986  0.4951300859973066  
0.9938395320381297  0.49637848496491505 
0.9956455383926708  0.49640692772823525 
0.9973789146520269  0.4952948394790619  
0.9937012431490271  0.49440002926318694 
0.9935470791379244  0.4954917488840481  
0.994394027355935   0.4958867134348734  
0.9913708253248626  0.49398877668115926 
0.993837871299443   0.4937911780742693  
0.9959770021782599  0.4956357712661166  
0.9973737895712581  0.49673695916742905 
0.9933498198566318  0.49515270194226674 
0.9931634339438113  0.4948221895906892  
0.9931159469860303  0.49428207375094635 
0.9915433824061979  0.4939351531399261  
0.9918955788845558  0.49560559737891285 
0.9948717094910778  0.4947517082224364  
0.9923675331906793  0.49381425849406974 
0.9893659326954493  0.4927520511680935  
0.9964331007655813  0.49693554803575757 
0.9997663893450475  0.49907888400765615 
0.9942377511334728  0.49614439769964436 
0.9932699337660563  0.49490094761813835 
0.9944248340739418  0.4952032500692649  
0.9939495292358982  0.49447722052806514 
0.9920670905009126  0.4940945075172878  
0.9935650420872258  0.49384901482503474 
0.9947878325289085  0.4972148120918525  
0.9946358697813433  0.49501480286843297 
0.992353697248131   0.49307967425045357 
0.9935199320383604  0.4942262766595379  
0.9969269800442628  0.49720543644511955 
0.9926867305821049  0.49450024972845746 
0.9944093436165063  0.49645919061933713 
0.995946813553286   0.4970074214305948  
0.996605497667081   0.49832365262481565 
0.9936650098322682  0.4957603467163466  
0.9947088976612599  0.49489622446350856 
1.9398197043239886  0.13094966900369656 
0.9979566274932654  0.4954235048878802  
0.9933499399283993  0.49559917984259794 
0.9937279094999555  0.4959854910918237  
0.9945842044367179  0.49486567324216185 
0.9933652872152138  0.4949957637553932  
0.9956067542083777  0.4959204146561499  
0.9969023490855897  0.4962169052632961  
0.994705785563699   0.4960548431518013  
0.9958440364270834  0.49609444979180206 
0.9946054824123443  0.49574030678031966 
0.9981102646500902  0.495852605376355   
0.9946772143823196  0.49519596481725436 
0.9922086185192239  0.49483721411914344 
0.993587702856764   0.4946554496991775  
0.9939617752984675  0.4955907764945952  
0.9959453939260676  0.49644793633758566 
0.9930562488339707  0.4945530504200159  
0.9948333270345541  0.4957330792377934  
0.9952042173871892  0.49643922146701686 
0.9962545422684547  0.49667461338564195 
0.9945014410171541  0.49543335087493034 
0.9966761153360898  0.4967420795270249  
0.9993136265709474  0.4982262956197583  
0.9958999227948669  0.49665509201970015 
0.99522884820658    0.49641130888525514 
1.9312640661491187  0.9881982429404655  
0.9962531615385911  0.4955928205236646  
0.994175406571555   0.49552306365371795 
0.9947148846820745  0.49640450731883984 
1.9398197043239886  0.10496990541124218 
0.9926951825336947  0.49285040696807747 
0.9960697697841221  0.4959120188258932  
0.9921733439077638  0.49483151664046104 
0.9943864636464638  0.4965758381530713  
1.0004908459809598  0.4975589772253075  
0.9934613502395341  0.496300604905799   
0.9952771971616627  0.49546820512493167 
0.9963165562784932  0.4957765242784684  
0.9925222251281951  0.49518848055569953 
0.9960806093002588  0.49821883465511346 
0.9973011924962956  0.4970131525709015  
0.9951621981831301  0.49591274541898644 
0.9961712069855813  0.4960528307980557  
0.9937033347589475  0.495812699842047   
0.9966917455053369  0.4950252295247982  
0.994597882115779   0.49586296196377433 
0.9934736949923468  0.4942240914836763  
1.9398197043239886  0.10496990541124218 
1.9398197043239886  0.10496990541124218 
0.9952319731902843  0.49586611800480984 
0.9934295895269474  0.4935891785532619  
0.9946417957352468  0.49528683205053475 
0.9948415263647787  0.49521192163310124 
0.9949115645561115  0.49673380145537055 
0.9964883044257316  0.4972151117623341  
0.9964446339555264  0.4940566566721269  
0.9922381732826827  0.49554950016696314 
0.9993157763665955  0.4979798925095329  
0.9965936736979988  0.4964576767051672  
0.995063334845527   0.49567004182038604 
0.9946241391860596  0.49507261812935616 
1.8977710745066665  0.9881982429404655  
0.9992927200166124  0.49985017173280466 
0.9925761398819142  0.4946641762269366  
0.9949492513400192  0.4956337129394958  
0.9935694038880793  0.4950543614695253  
0.9931315443695987  0.4939491301743007  
1.9398197043239886  0.14070456001948428 
0.9951258239891431  0.494902032304918   
0.9929486751880543  0.49547042450492546 
0.9924590891952775  0.4949215073302871  
0.9909662879212048  0.49235220479209996 
0.9955252294631406  0.49645866457060844 
0.9942334617706543  0.4975185189990913  
0.99553734073401    0.4961592640415581  
0.9913999720605512  0.4936287629866215  
0.9935388267035419  0.49449239837272846 
0.9950255622184556  0.4936604043616376  
0.994919929016435   0.4961331899157963  
0.9938703955263418  0.49551589783648664 
0.9923248313093499  0.4935196782066713  
0.993951544618816   0.493920044181776   
0.9961560253184685  0.4943576603888231  
1.9312640661491187  0.14070456001948428 
0.994936569903428   0.4952629902988678  
0.9944933950766327  0.4954358996192611  
0.9943632910747108  0.4953444956263292  
1.9398197043239886  0.1572025152574213  
0.9952151477131419  0.49497005481135053 
0.9962941376231363  0.4968146533569915  
0.9950273273644625  0.49646140756913626 
0.9935672586945566  0.49522092364634374 
0.9966814225701345  0.4960652955681613  
0.9957756203557234  0.4970113251041836  
0.9937459123008116  0.4943171966540641  
0.9935891911636815  0.4929677387894237  
0.996336629659405   0.4942646348733314  
0.995198090419173   0.49545898155218754 
0.9940065001069635  0.4934743289623454  
0.9959842811895786  0.49572740837121626 
0.9943751850435807  0.4951906564761738  
1.9312640661491187  0.10496990541124218 
0.9948681896632009  0.4975094253121556  
0.9970203642333022  0.49627886798826126 
0.9928887022009942  0.49516366419091623 
0.9931662976450458  0.4940952110825919  
0.9932909520766815  0.4931465303406261  
0.9934282046903349  0.49486809237624846 
0.993049971807255   0.49420441318852415 
0.9902110976063261  0.49304726560957507 
0.9965826560631613  0.4972511509132648  
0.9934521490143428  0.4945941113955328  
0.9966223598855599  0.4951631627217797  
0.9941110405105761  0.4955691576687679  
0.9964356578240127  0.496167657034177   
0.9946943965928241  0.4964938300172136  
0.9944717034615115  0.4961503353833109  
0.9947261027978374  0.496465447902459   
0.9950132034129484  0.49543883078935214 
0.9964858106412433  0.4958563943259526  
0.9967996784578997  0.4963730941660406  
0.9955316306322862  0.49519865293620363 
0.9976249521839391  0.4988539893816622  
0.9940942229693895  0.4958026645825488  
0.998318585788506   0.4977288962645438  
0.9954721979821204  0.4966135361548932  
0.9907334697513611  0.4932891806487648  
0.9948647251781193  0.4978045156539751  
0.9956827960130489  0.497964119496036   
0.9940595339886455  0.49433610119074006 
0.9942101532706618  0.49389375667307145 
0.9984199098060276  0.49726405392646367 
0.9968496129246007  0.4959160517879275  
0.9962360097435298  0.49518050762073745 
0.9943004543779222  0.4947421402706656  
0.9964258874626425  0.496264669929304   
0.9952723201154673  0.4978349900900986  
0.9939902557847732  0.4956883267861646  
0.9965890945081554  0.4974199282844963  
0.9956058514575797  0.4955175120509932  
0.9940888626476082  0.4966411043365961  
0.9977643233163863  0.49565717840106027 
0.9895969719852865  0.49297065469076473 
0.9959612639400853  0.49450821709688364 
0.9951837355155901  0.4963151859258034  
0.9957745969823603  0.4966487044148557  
0.9953365611635394  0.49754802683956556 
0.9940414713212216  0.49560888804014724 
0.9939012226616416  0.4955051179815372  
0.9924373883935813  0.4950715509607635  
0.9951751491259512  0.49415020230535395 
0.99940361245684    0.5001017270354567  
0.9949528276854721  0.4947838311553808  
0.9926170950588032  0.4955409314570029  
0.9947148639747265  0.4941832337528865  
0.9944288187593268  0.49367223239057695 
