0.9993720496080983  0.48839543336527835 
0.9993720512859562  0.48839543297673305 
0.9993720507048189  0.4883954299717925  
1.0003168850314785  0.4958087654270556  
0.9820321744512482  0.49199819122714267 
0.9880690472679355  0.49257124576618505 
1.0001430998480771  0.4893882122668991  
0.9925117861414777  0.4898929757277338  
0.9932613601050586  0.48855137737312354 
0.9711578319994598  0.49340741548997574 
0.9976177081401578  0.49175340777368987 
0.9744395127674355  0.49411807856224393 
0.9966541743629711  0.48963954919862    
0.9983658250272767  0.4877625427776451  
0.9935302522258572  0.4914095257793919  
0.9920888686095526  0.4925218134437404  
0.9992155336101257  0.49195717750562185 
0.9970545644166448  0.48913311892951883 
0.992766343688325   0.49228622516045795 
0.9988789101947685  0.49001484775627574 
0.9658405848495978  0.4962500940251975  
0.9948283162843996  0.4939498449582401  
0.9903257061675788  0.4911741981600459  
0.9970323895635709  0.4907299287600424  
0.996046477388462   0.4881966074168999  
0.9957161892738474  0.4916898931899072  
0.993393570127529   0.4908181049964506  
0.9894561492047949  0.49416414610642295 
0.9718314241246478  0.49608121480027895 
0.9841172230089755  0.4934657290969391  
0.9938478051818348  0.489550782258081   
0.9986183488448168  0.4903873306594755  
0.9978996220406479  0.4899408152010595  
0.9946967500459626  0.4884880377315261  
0.9984183644628324  0.4887631798968696  
0.9919458151530253  0.491264763681321   
0.9937446737360649  0.4909148819470961  
1.001554035200042   0.48888943977494503 
0.9955287136602888  0.490098361311207   
0.9911304017487484  0.4891872756517687  
0.9796848338328795  0.4937655179411767  
0.9907200697597753  0.4938270111478575  
0.9890228908789145  0.491000625986317   
0.973572601378818   0.4935582961010126  
0.9898067338312082  0.4916034275284468  
0.9865046986440621  0.49091829783779106 
0.993851615001945   0.49004211062059927 
0.9918312774022382  0.4886609745062729  
1.0037942846578316  0.48642958792991053 
0.9935948971155125  0.49247022531925055 
0.9971140203358386  0.48807020745609997 
0.9950880616788533  0.4917272780777906  
0.9992394970669616  0.4911213943350768  
0.9945085077438144  0.48918573641792906 
0.9496202531531628  0.49647353049838083 
0.9825064857413144  0.49138140183205586 
0.9902852252784856  0.48771184015981284 
0.9988530554894614  0.4897139094323471  
0.9852498800064884  0.49268699089895573 
0.9983721961517504  0.4909693902158872  
0.9999337143931573  0.4908148850225304  
1.0025263351726488  0.49284667889507827 
0.9994851034959319  0.48712202685145856 
0.9912465235623917  0.49530728948886626 
0.9786767773518265  0.4931396438168739  
0.9922149110276213  0.48975593025686315 
0.9981301093783643  0.4910372776655155  
0.9878550053874     0.48740464246501225 
0.9963647746937573  0.48861399838286335 
0.9925138520085143  0.49111491252587924 
0.9948353892245705  0.49530881516859077 
0.9898339761863182  0.4920747954692025  
0.9987471418188469  0.49008706160197746 
0.9964718939218173  0.4894090571438947  
0.9984064886641772  0.49045612268674893 
1.0006738285255063  0.4887332380599845  
0.9992428491246913  0.4876747956801781  
0.9856480256857046  0.49661890328963887 
0.9834888513198818  0.49411781471662813 
1.0010300567454995  0.48973450308425437 
0.9993163632599735  0.49013173997832615 
0.9909135077164041  0.49017518459774434 
0.9800565676436759  0.49352507896177594 
0.997273689244329   0.49113815920750375 
0.9989766945341255  0.48996979054083495 
0.9958996568887936  0.4923891614190735  
0.978822499598731   0.49089540082822103 
0.9940374387087739  0.4890184462917982  
0.9988533860131283  0.48815074653686424 
0.994134059146994   0.4907141870319568  
0.9996662221309833  0.48947538210373565 
0.9985441202357261  0.48961942285130533 
0.9860717575884478  0.49262022431024743 
1.0008299892673969  0.48967322436804656 
1.0009654064591558  0.4839739802974849  
0.9995487353155942  0.491785469953233   
0.9953600346292667  0.4892689938731059  
0.9963329043041493  0.4847190859629319  
0.9883917358259856  0.4939342687343041  
0.9984876049692862  0.48907483509484    
0.9999653398649011  0.49205398430722813 
0.992453571523503   0.48911479816597553 
0.9996459970640748  0.4916143386317822  
0.9854886309252445  0.4941715134721119  
0.9983174731896887  0.4880923792611512  
0.9978715780919447  0.4895129354160235  
0.99341280177042    0.4916999252932356  
0.9928810226038992  0.489370074695533   
0.997004946455309   0.4890980431864909  
0.9953945010393954  0.4912434185051594  
0.999936531226401   0.48647101693258965 
0.9953704230407533  0.49073430775829263 
0.9842343736093203  0.49409023175106875 
0.9949453245911046  0.48968540354722295 
0.9836831705480831  0.49299767230508906 
0.9940321815161033  0.4913650519178339  
0.9988489218966764  0.49024909669649347 
1.0011483574996962  0.48699401025175343 
0.9932720391229878  0.4907772971523274  
0.9928325731038938  0.49046138008372875 
0.9909390773479975  0.4887926508941264  
0.992009081996294   0.4934915312505702  
0.9941605048996011  0.4910198273869995  
0.9983776079786688  0.4902430236848206  
0.999876704905655   0.4902119717092366  
0.9862386841721295  0.49385372689396706 
0.9961696946466575  0.48872898168785917 
0.9971379615758797  0.49089402745404354 
0.9970786503957435  0.4915983639966399  
0.9924336598258062  0.4891034328467909  
0.9977101005257798  0.48945948877469375 
0.9977748053555495  0.49021306167925877 
0.9907273273854791  0.4927732101888155  
0.9957833629004373  0.4896474757282479  
0.9738271727299601  0.49491141154150947 
0.9949644236450353  0.49035573490798445 
0.998602125961101   0.48640389453470617 
0.9757970034878225  0.4917206101654954  
0.9859015538354122  0.4939415389685815  
0.9919202228906854  0.49099586905114534 
0.9932580752141111  0.4915042001991322  
0.9737391415663369  0.4951710748201865  
0.9997098174086314  0.49158296506483967 
0.9950952641744923  0.48816442045480885 
1.0014724172779925  0.49076969982532737 
0.9979814624569779  0.4908789328817413  
0.9943678494901784  0.4913393570113138  
1.000980933326399   0.4906540476712567  
1.0003943833539561  0.4925217851984468  
0.9965556246006627  0.48974678231527524 
0.9899604333447592  0.49094321420753917 
0.9947333756977047  0.48974999213529563 
0.9914863991226123  0.49354565933625205 
0.9887486374748792  0.49484988864136953 
1.002727487221944   0.48799392755562926 
1.0016499956833667  0.48931777828346723 
0.9999440686090638  0.489274081082099   
1.000488461633901   0.486827161338537   
0.9958845605649507  0.4900653305609407  
0.9958741484558387  0.48975676680722424 
1.0008677502072627  0.4914433300180831  
0.9901054632089448  0.4910557297602132  
0.9977269651289654  0.49093646995367757 
0.9851879762148935  0.4914338476942189  
0.963171111293394   0.49463481163949313 
0.9949169435921748  0.4905167987744854  
0.9996927667878558  0.49158875783532857 
1.0012513437570205  0.4890804590848025  
0.9955249474242318  0.4910397971478793  
0.9856638775115036  0.4937436676999757  
1.0000903152110499  0.4898958020462473  
0.9928320084562325  0.4906707524793811  
0.9987079945476438  0.4856372110206546  
0.9942172875248079  0.4894122776819047  
0.9924855660033727  0.4914705314699294  
0.9960555399297724  0.48857823977931425 
0.9802710604741645  0.49625794007407387 
0.9964824197857716  0.4902471602358308  
0.9949779137449521  0.4907715596631591  
0.9959339423892344  0.4911684412904044  
0.9900362256679895  0.4909010092302951  
0.9987642652727334  0.4916080970362655  
0.9847753612784423  0.4917545718732379  
0.9984085978010399  0.4879218895088461  
1.000942038042893   0.4905681299368634  
0.9984633183210612  0.48936049147005517 
0.9924249207134731  0.4899667159419024  
0.9797586691284793  0.4923262866451606  
0.9951220576738615  0.48866817780456895 
0.9891005374615228  0.4893627510034189  
1.001114503650494   0.4904781574503418  
0.9896361488597203  0.49067999465079715 
1.0009240133759687  0.4866266240281156  
0.9960635692471874  0.49315056175777827 
0.9980979079184712  0.49248499404257406 
0.9941201201277706  0.490473251742923   
0.9989110367551108  0.48965470386035614 
0.993089669833444   0.49324991076197466 
0.9981805843391517  0.4907728344295629  
0.9970475768857259  0.48845320313858015 
0.9864579596551118  0.48641681567341244 
0.9960770774725307  0.4933176543462416  
1.0043803870797148  0.4830988736301846  
1.0000855208545665  0.48962998859967066 
0.9854122579304363  0.49237116736873393 
0.9926594537625816  0.48873897772797964 
0.989130669765736   0.4909794660997151  
0.9974374540995448  0.4899996571577826  
0.9840999736791087  0.49675564578082204 
0.98685005545751    0.4944257536740557  
1.000052909755833   0.4907840566837815  
0.9955913555328396  0.48907837435503076 
0.9941083837532182  0.4870516640338881  
0.9987951760681277  0.487261677909457   
0.9986106625533251  0.4901105097988127  
0.9986607728036596  0.48861175121089123 
0.9972415865398268  0.4904987491545108  
0.9910253936595786  0.49334083910265525 
0.9864728166152534  0.49235999197145597 
0.9991078782346419  0.49631643893550753 
1.0017069567642136  0.49141060820971966 
1.0007724331787773  0.48957621470810325 
0.9862730637090718  0.4938541569246312  
0.9883359696864945  0.49147222611256697 
0.9871471536552469  0.4902507921021565  
0.9943487184467407  0.4910388442098524  
0.9963636312450608  0.4898555712947423  
1.0008471670519432  0.4922464811048194  
0.9951752404611196  0.49242136121614133 
0.9967734528175399  0.4865452701962279  
0.9974263361660562  0.48769285958500047 
0.9990300960043482  0.4906278107793904  
1.0000825851439425  0.4902489457598654  
0.9979032521420155  0.48708840667336745 
0.9916796578777863  0.4940082130616349  
1.001803179594784   0.48983077712782047 
1.0006732239475133  0.4885002396100618  
0.9974283516389534  0.4915476473375914  
0.995964551854469   0.491735762764871   
0.9961250669629625  0.49004650342339506 
0.9804968089063638  0.49711249732887824 
0.9985638941561833  0.49003605440558823 
0.9874315237175701  0.493175831581833   
0.9976217237316828  0.49086748837381544 
1.0007226549694495  0.48804743662370365 
0.9941359155430975  0.4919163007702319  
0.9980124038647965  0.48756843525701316 
0.996987896059855   0.4875686733979634  
0.9999307075678731  0.4898257837498725  
0.988312669906416   0.49389386203392943 
0.997159549516436   0.48779092413968306 
0.9981475527534385  0.4898293519290729  
0.9939895100146697  0.4916005190723403  
0.9958701119970528  0.4893297820825084  
0.9829987219985034  0.49540719201101857 
0.9968658422672418  0.4914806398762724  
0.998844701863968   0.4892412958326626  
0.9936561363144859  0.4937458494343968  
0.9805899124416754  0.49299291942454293 
0.9930375878663517  0.4901728206287768  
0.9989977708926118  0.4888876242107001  
0.9981920612537959  0.49181570158106    
0.9840821480791767  0.49461117949745853 
1.0007627718780154  0.4896499169694318  
0.9964502943782773  0.49164719126087186 
0.9965638312808607  0.489762975703699   
0.9807860773360422  0.4930102772931968  
0.9984912135745271  0.48887625660876477 
1.0012213620908228  0.4925213880548611  
0.9996264379778976  0.4913991693063286  
0.9940122959047157  0.4932133770798671  
0.9950312267228423  0.48722239797964473 
0.9919420160870646  0.4859079758669491  
0.9934468638952528  0.48870731739052803 
0.9909293555552988  0.4913820837727142  
1.0038344743726375  0.485994465112223   
0.987545563489145   0.48954054362283717 
0.9930823754108701  0.488969248123583   
0.967657438998959   0.4918661030263586  
0.9967270969949059  0.48785421297033793 
0.9961582578823427  0.49125095092818577 
0.9922809624171518  0.49035773302841623 
0.9857289136559482  0.48957681307128775 
0.9976639570667564  0.4891546840029194  
0.994873365880802   0.4885824608283292  
1.0005088136809182  0.488154217521029   
0.9979512551624338  0.4904991736810997  
0.9884724915894904  0.4923844537192829  
0.9960097268949999  0.48675471348399635 
0.9891844017620565  0.4905087326961673  
0.9712857138959411  0.49391926231373195 
0.9946677334798202  0.4895145840886256  
0.9956250686046987  0.4908678323823658  
0.9845049703051324  0.48579620887576797 
0.9937515507045758  0.4913248556616831  
0.9923216290838287  0.49225228565964335 
1.0014387139460328  0.4910469773826264  
0.9998367667855829  0.4892407480358798  
0.9977829903828376  0.4907575657766437  
1.0002505668471149  0.4876419837808924  
0.9993895532095269  0.4888077184898748  
0.9983485801379256  0.4896269008369878  
0.9937941959039296  0.4898197890048949  
0.9910893455821149  0.4906106344382399  
0.994962147815151   0.48817251214769297 
0.9945619436472527  0.49212873949422276 
0.9967915208389461  0.4892295353589476  
0.9917667073587212  0.4929608465996536  
0.9992425250941956  0.49037427705580583 
1.0000819151128157  0.48993263833509465 
0.9785243124729591  0.4961801711162332  
0.983545667991874   0.4958363800655753  
0.9479633097580203  0.49921324316003796 
0.9911278378087651  0.4953395090211795  
0.9964311880860167  0.49024228794853875 
0.9993483547224145  0.49107736926619    
0.9913940794189456  0.4913002565191721  
0.9949020833379866  0.4941161009238567  
0.995210558239184   0.49018478936827403 
0.9977725993122502  0.4939834783897715  
0.9978675380316246  0.4899021075717146  
0.9914124314421123  0.4947732273860175  
0.9987834352576891  0.4898412748730037  
0.9912360344229967  0.49172301923371514 
0.9961022675818819  0.49362396486443066 
0.9888250707105327  0.4929961793571807  
0.9805101379762647  0.48899666431394606 
0.9923950342098665  0.4894106352890574  
0.9998730141161621  0.48888935141726186 
1.0010420062701213  0.48881021203781577 
0.9902959457035136  0.4917659397034718  
0.9876998222919255  0.49463790487527787 
0.9884375153995064  0.49084171060631565 
0.9973137867404994  0.488867610254154   
0.9914626308689175  0.49550103713019045 
0.9982753079058371  0.4899682551178404  
0.9961178322968085  0.48843700061112616 
1.0018644353748392  0.4883527434053965  
0.9869600858427896  0.4933835082573377  
0.9855336304103913  0.4930228230462785  
0.9999538044300822  0.4882396698746275  
0.9965431137731594  0.49358539724984546 
1.0000530034011421  0.4893532094555787  
0.9989707485322543  0.48933804200383935 
0.9750835603377469  0.48988352819806374 
0.98164055739624    0.49382907347017435 
1.0003720711034456  0.487239041461028   
0.9996416521481677  0.4874224727324947  
0.9998530296996503  0.48837346218179484 
0.9896532195190137  0.4909933067992016  
0.9773208555919534  0.49627643065513344 
0.9974018679981197  0.4900830024183383  
0.9951573475329895  0.49252525407064773 
0.9900581230861187  0.48916872550937696 
0.9887748112303021  0.49163394451392145 
0.9920294144980929  0.49317759204376554 
0.9982685595550196  0.4900248543297672  
0.9994292068111116  0.4898037982981742  
0.9919213637308057  0.4950918228990514  
0.9936195296812586  0.4912414152036909  
0.9820241808637608  0.4898348001346498  
0.9750547586490731  0.49463758782036166 
0.9887669990035     0.49324084034821153 
0.9946860204416655  0.4961547094147273  
0.9973013635978973  0.49134614804584664 
0.9959742376492844  0.49101461946534064 
0.9986923551620912  0.49001720157658796 
0.9839947384413298  0.48745342930882113 
0.9943301467565068  0.49012443772628    
0.9901637077095266  0.49384553503236917 
0.9920514947125968  0.4907448551061204  
0.9945075415717181  0.4878693653195737  
0.9925603705490105  0.49052833020705694 
0.9965278234606463  0.49091504126062296 
0.9887509639828018  0.4925159105620875  
0.99844016475764    0.48909516595778924 
1.0005572119427806  0.49204405910480065 
0.995796684809301   0.4923150619672298  
0.9870257484720251  0.4943047691962352  
0.9911024818501989  0.49068980385371097 
0.9926326972801822  0.4904944334232226  
0.9943873125315191  0.49244406950394326 
0.9857717654932391  0.49555208269131984 
0.994030064559129   0.4888844085385655  
0.9923805765607985  0.492848284947104   
0.9963539835206335  0.4906350262044819  
0.9989040793479024  0.48827776608517603 
0.9999055823162056  0.4912657068428378  
0.9974536482544905  0.48866278722002426 
0.9791171233899387  0.493547656557374   
0.9922633793655588  0.4900484736458393  
0.9951302769676356  0.48885161111767245 
0.9949932794477087  0.49080370817236596 
1.0005929100719562  0.49143870142909923 
0.9984736837178269  0.4889010173637782  
0.9925914873461652  0.4874598144191122  
0.9965654922349116  0.48815038689571216 
0.997418654274775   0.4890040623631949  
1.0018751496441376  0.4880691765250904  
0.9827046429467747  0.4947949130994849  
0.9891923688184471  0.4900857590261699  
1.0010668662703939  0.4905753701150027  
0.9981510746461743  0.4906442328080451  
1.0001148296038     0.4905009416701514  
0.996455852704891   0.4916967758621536  
0.9892057225657912  0.49317611110484916 
0.9919157079105849  0.493131561354098   
0.99917878331821    0.49000101160104564 
1.0002020585876603  0.48360794753435593 
0.9923534656882536  0.4911950791639267  
0.992135587750016   0.493970838157894   
1.0010294903374155  0.4925458552637035  
0.995135789509795   0.4951290786959436  
1.0014977821508888  0.4885444256581245  
0.9963811069305516  0.48817835759323336 
0.9967050505321761  0.4904594972031646  
0.9989024880280853  0.4890359904836777  
1.0003749680046021  0.49265628571969006 
0.9957894213265165  0.4889593635113153  
0.9896045817877744  0.4958457085954008  
1.000380019533737   0.4882128394962584  
0.9999529375081309  0.48993525223638806 
0.9932490890779522  0.49243557883289957 
1.0001147885756423  0.4866036645767924  
0.989514968482517   0.4922886803832849  
0.9838358443133103  0.49260553036498855 
0.988708604730941   0.4928106931727597  
0.9903097505860449  0.49293369097974143 
0.99836929235685    0.4892360784167266  
1.0006814561864201  0.49105426021660076 
0.9915521717624307  0.49063544755828653 
0.9947577795631851  0.4911351525453523  
0.9941097943939798  0.4898902164807125  
0.9969006894199721  0.490869443531456   
0.9986291679862132  0.48987097783107875 
0.9883277150033652  0.4914150172481876  
1.0007206736408631  0.48995721778425727 
1.000644664733282   0.4909246908771509  
0.9999660627594595  0.49022054600584375 
0.9993496967791937  0.4912582267140548  
1.0026039368548534  0.49073282411783714 
0.9951520735015102  0.4868482860745374  
0.998003963967495   0.48880744695623457 
1.000685930356863   0.4906384801508691  
0.9910591822642851  0.4910583902370431  
0.9811375263798214  0.49453770668302943 
0.9839058340812941  0.48911132156461884 
0.9966117117845831  0.4930967377927154  
0.9896826422524643  0.49217176479870994 
0.9985164943791667  0.49106106496190105 
0.995741588592183   0.48671178083083816 
0.9995100233384002  0.4863649970500503  
0.9978277018277851  0.4902590623839963  
0.9885826919054617  0.4917951778292388  
0.99502583900605    0.4902164387276727  
0.9930996897558243  0.491009493720948   
0.9972116201320735  0.4907755628773011  
0.991939528208295   0.4900950873388494  
0.9984510101005449  0.4885380376681113  
0.9972912898712498  0.4914750383904363  
1.0068336065487522  0.48758350124061156 
1.0006465642838058  0.48454905869182496 
0.9970021758075018  0.48953040221786    
0.9911757820224932  0.49331115169411494 
0.9584999417813138  0.49874152548102846 
0.99249314931263    0.48818352334098963 
0.9936215943838212  0.4891109010688823  
0.9999678259585569  0.4890181091464223  
1.001361201869674   0.49051073788089294 
0.9993336526599328  0.49174717588298944 
0.9968900915146275  0.4927978702623276  
1.0003708659872865  0.49054545534538735 
0.9905757345960624  0.4971651434765886  
0.99555046941264    0.4889498680692139  
0.9998605739445698  0.4900320740822467  
0.9997659927791352  0.49092522759657214 
1.0000424801174204  0.489656331477143   
0.987115639013911   0.4891136062935445  
0.9984160163011291  0.4940850619129644  
0.9998111577187759  0.4877899059936701  
0.991491481308201   0.4920833630011016  
1.000531338874603   0.48748704471422005 
0.991999304101772   0.48894601061651916 
0.9912250655878897  0.49451019909582355 
0.9932992352150456  0.49089023349435845 
0.9912069042427943  0.49267579845063325 
0.999102901406295   0.48821737563242046 
0.9896810269512624  0.4922502339317808  
0.9918559932920291  0.4898479231923731  
0.9948920516183264  0.48972877348399735 
0.9889468096733958  0.488217997911717   
0.9725320698906138  0.4950294420915768  
0.9999446128569648  0.4862205298631053  
0.9961571320551537  0.4904866111756437  
1.0004662430110323  0.49087907306545303 
0.9930037830003206  0.48861840534700063 
0.9544158964583624  0.5050350187497038  
0.9950602462853344  0.4904487948025412  
0.9984474821784108  0.49295262848693466 
1.0000398250425253  0.48938531770663063 
1.0022710447631782  0.4880606884970864  
0.9987954521704676  0.48997330746723455 
0.987935389896429   0.4910755560034359  
0.9945162738209665  0.4888975163881689  
0.9978324510269914  0.4902971697413524  
1.0006205103834833  0.4898627187673288  
0.9976929219836688  0.4962668512496976  
0.9991359057898541  0.4949308285413266  
0.9943706405003464  0.4916470279605445  
0.9949011743070297  0.48996054504236636 
0.9706004366200827  0.497202777158284   
1.0001306123163876  0.48961116942231797 
0.9936669051188174  0.49186816798930916 
1.000251271653941   0.48878006783662764 
0.9950924887015519  0.49063025658507603 
0.9810323944285325  0.4928042249299601  
0.9828889902016387  0.4905955079682327  
0.9945375419548635  0.49041084696286097 
0.9846249964532829  0.4936953200098895  
0.9856097526300827  0.4947825127907921  
0.9896564816847132  0.4889847034709793  
0.9996903605266505  0.4908260230442838  
0.9923245135470737  0.4925342652316695  
1.0005989404197049  0.48871505167361856 
0.9940201915597343  0.4911528029087833  
0.9953027373457549  0.4933026519595529  
0.9991574084090945  0.48698511806860145 
0.9904169519971416  0.4915816722615275  
0.9967476196814122  0.4907440519689211  
0.9960406132736065  0.4907309451442451  
0.9993010812892006  0.4894107943682271  
0.996365359368634   0.4936601542045906  
0.9888290731937595  0.49386928284139925 
1.0014569406436709  0.49258308482825386 
0.9966392752249132  0.48843483224295553 
0.9957790168904557  0.49151794954094197 
1.000096792291735   0.49191894287898896 
0.9915033404014253  0.4900139503962406  
1.00072856108772    0.48807335099620885 
1.0005778255111353  0.4870768903052595  
0.9917031728362985  0.49407026925576747 
0.9953278669506681  0.4906603668641761  
0.9957036655686557  0.4932047288187881  
1.0010282003857407  0.4881456457899345  
0.9961099232710464  0.4884190416917005  
0.9954447745998392  0.48920373828687347 
0.9999604530997523  0.4897234208901698  
0.9954692866526883  0.4898528388142383  
0.9983489083229787  0.4914786217199185  
0.9932479846525716  0.4911266272514591  
0.9992323968762892  0.48791221095110704 
0.9856021573888886  0.4933190396062365  
1.001388786192398   0.48955344628845504 
0.9982145525354217  0.4884751270328628  
0.9870296779125235  0.4912568857710976  
0.996524405008139   0.4888882572135629  
0.9840538554815522  0.49013963263350224 
0.9962402757278023  0.4906980003278064  
0.9939141933068554  0.49017661327534406 
0.9898144215479995  0.4947821122761418  
0.99774328324382    0.48893530649205175 
0.998169889100335   0.48872642446795506 
0.9885959973125136  0.4927066380117609  
0.9995986982809444  0.48708622023234094 
0.9881130062419458  0.494833073415339   
0.9986879337995285  0.4893986264748802  
0.9993873455562133  0.49046108491760554 
0.9959094585246367  0.49191917613269137 
0.9977290029103972  0.48972398582410004 
0.9940597966836016  0.4899823552329732  
1.0016047604829081  0.48509604084303626 
0.9985544015073862  0.4893649594826477  
0.9716696173928914  0.49251860942109543 
0.9981375113246205  0.48984861972056937 
0.9990680193288504  0.4907451143061615  
0.9928134782539225  0.4892897379367845  
1.001128635657023   0.4904146846934083  
0.9945392712610053  0.4905717790065715  
0.989378914190817   0.4900234537646401  
0.9955533122918441  0.49025691414972977 
1.0002591763038495  0.4900302532469616  
0.9932722457328379  0.4866918754024295  
0.9943484263997596  0.4872276033261828  
0.9955431671204824  0.48758496040170857 
0.9961235752453218  0.493281971316618   
1.0020116558975711  0.48848715993490904 
0.9986031329415633  0.483316596777224   
0.99914761965012    0.4859577904515321  
0.9972009887601627  0.4928852356572923  
0.9904244978130384  0.49152377720983015 
0.9951514645080545  0.490634044250917   
0.9964314835097725  0.48822678405449305 
0.9978177424483644  0.49088367626957685 
0.997523483134463   0.48925473018463383 
1.0012310681662844  0.49120083521817476 
0.98348504329503    0.4960915571177048  
1.000202629012644   0.49021558452810493 
0.9906818465705155  0.4924831173221753  
0.9992792430571535  0.4919370979388624  
0.9868263558991965  0.4908351358947196  
0.9996119573337421  0.4892327825205105  
0.9883695597754235  0.4952614107891897  
0.9974752055951654  0.49279566355832516 
0.9809386390721888  0.491896083665579   
0.9880765710167213  0.48908855140995916 
0.9964222243067459  0.48734988794398887 
0.9958569694985832  0.48992044714065236 
0.9980845944377681  0.4887848646660052  
0.9942348295820582  0.48960233074886833 
0.9959379768840001  0.4909487831040623  
0.9838034691809451  0.49618032949916463 
0.9990594720681197  0.4887763876060076  
0.9905784492320873  0.4888654420797485  
0.997305302902702   0.4883900783018949  
0.9950432379541021  0.4938579284117313  
0.9990919749814098  0.4878987802295238  
0.9982319070994052  0.49050514428       
0.9969209787311689  0.48744407245829063 
0.9905308032889071  0.4895466745299616  
0.9845322747511897  0.4910547007236786  
0.9998485960598374  0.48807791410211976 
0.9895446281703179  0.4904541762496031  
0.9987259218320844  0.4904012253631047  
0.9968195236209046  0.4870200986548712  
0.986615403977577   0.4936711173955814  
0.9986407843666072  0.48844369573236035 
0.9996507944938425  0.48908002923932076 
0.9802221249889858  0.49244402263307024 
0.9999579252073881  0.49064931448830285 
0.9961730119449161  0.4910008172175212  
0.9883204954757026  0.49090365938603364 
1.0016725998779024  0.49151425579216285 
0.9935081773687557  0.49062598488444686 
0.9895921199731847  0.492318825345486   
0.9894938928524266  0.4917861374734173  
0.9953842414956466  0.4901613195127589  
0.9987861333980359  0.48782318404587566 
0.9927391828577103  0.4907022443384583  
0.9993665750197904  0.48991759638458265 
0.988784379876388   0.4915616301453635  
0.9917723359487917  0.4927172158565013  
1.0003287941955086  0.4918133042597272  
0.9973809330359382  0.4900121103024919  
0.9922011038538598  0.49029296094773983 
0.9990039824902004  0.4900935791649401  
0.9940865916491313  0.4906824195776077  
0.9892657106625375  0.49522868685924726 
0.9992622158389308  0.48968703529206403 
0.9880863470010669  0.49276487884981285 
0.999474712405528   0.4913787715260529  
0.9984032122170876  0.4894852628536701  
0.9959700559752697  0.48872898742210724 
0.9956887225763403  0.4880221315559186  
0.9876963537246254  0.4914221768334413  
0.9993017066096177  0.4864881588556493  
0.9984216903752655  0.4900041190974993  
0.9863523440878073  0.49088535982952586 
1.0018445188914804  0.4894601530964673  
0.9916770996720755  0.4908210312831318  
0.995407107092399   0.49103428468880755 
0.999325398466021   0.4903105879115434  
0.9909102692557173  0.4918878842395574  
0.9908807645140992  0.49030782269257805 
0.9946281715763061  0.49070405768220815 
1.0008776686792673  0.4893394952851974  
0.9949460622352609  0.48870935454163034 
0.9872306635935484  0.48956696198853433 
0.9908199906784201  0.4925576475060093  
1.000932031125427   0.4890564194580447  
0.9952528753827187  0.49079041716603267 
0.9951298149629141  0.4918638767766836  
0.9942846677837999  0.4902132515718272  
0.9951405985877743  0.4919655784681276  
1.0017595289461758  0.4901762373961316  
1.0041011872707457  0.48799262278388206 
0.9866874792696751  0.4914751519790724  
0.9884897606538634  0.49292024209190055 
0.9979889518562911  0.49105735292591085 
0.9956540949121861  0.49011574027249233 
0.9938700918820654  0.4919637186793148  
0.996886660925111   0.48803935664589193 
0.9898161334572522  0.4879879589290884  
0.9811445824385918  0.49592082854591135 
0.9964041873702754  0.4903727991565215  
0.9902002965199939  0.4924977225114163  
0.9826565860033443  0.49104998773581837 
0.9950666042323436  0.4929941694806748  
0.9845510400564554  0.49354662908596886 
0.9863036666821148  0.4884250283315426  
0.9928942202155606  0.493191282041049   
0.9854703229407963  0.4951147553778241  
0.9927378407479656  0.4906224245967811  
0.9837896803247927  0.4939762364733993  
0.9998166181874648  0.48682855982434026 
1.0004297259842687  0.4911651680608152  
0.9870505835318399  0.4931759299906984  
0.9901908536169378  0.4916305562371284  
0.9990698613938058  0.4886783506740806  
0.99219922357413    0.4933363747730682  
0.9832680001086155  0.49633605020436156 
0.9972358729080583  0.49005108498690075 
0.9960152553797754  0.4897490804461307  
0.9991894388601249  0.49025538480201186 
0.9890853831418087  0.4911220523166114  
0.9675860837581526  0.4956458106165827  
0.991133345726085   0.49471695065970844 
0.9965735519453267  0.48808311847113883 
0.9872749746139288  0.4951460956497738  
0.9992008183710646  0.4893898575799562  
0.9969739011302582  0.4903684216283524  
0.9977307766899686  0.49185419153052745 
0.9938338862973012  0.49302446908015785 
0.9913417114270436  0.4922143557513471  
0.998515714862409   0.49212424735985527 
0.9938682591453007  0.4908100717835557  
0.9931283511433469  0.4945362393233239  
1.0009765010245761  0.4899847536039911  
0.982499935605651   0.49031302360533463 
0.9939458083823963  0.49207605675067895 
0.9754672351933263  0.49089987367294874 
0.9767247477235693  0.49137084576256396 
0.9848017240809783  0.4928774576326268  
0.995202507422419   0.49119097618714924 
0.9996742872844471  0.4888505184884706  
0.9971526855510556  0.4922946278276255  
0.9917575000054929  0.49059278541585727 
0.9845224693226758  0.49534558567880344 
0.9971325759800085  0.48902421425998177 
0.9920981120495922  0.49172177041139387 
0.9971243980121517  0.49286982329425494 
0.999121764690568   0.48695238701177834 
0.9997970003780788  0.49021667659592566 
1.0016961726414157  0.49276395399900536 
1.0119923649642122  0.48540470672786484 
0.9978444410428535  0.4911707753384521  
1.0011561640866988  0.4881630873770212  
0.9984862187403688  0.4897156380204633  
0.9997551504041373  0.4912058891694504  
1.0007072113429567  0.48789368145901263 
0.996925522993363   0.49008955062368886 
0.9899297180497003  0.49167766241666244 
1.0006478673363342  0.49054824961081855 
0.9923150916181591  0.48802932092491075 
0.9992603574919824  0.4899047377419077  
0.984956372987562   0.4910615670301961  
0.9919991434310486  0.49313935473679127 
0.980125468319382   0.4913328329641998  
0.9914184494512245  0.4896862853522142  
0.996211291314549   0.49039890171101796 
0.9916390172498446  0.49360198727737403 
0.9998735691681847  0.48798140353197733 
0.9940287615697053  0.49129989684688    
0.9934519080113197  0.49205123189908934 
1.0013428248497485  0.4899964764159354  
0.9922374423746404  0.49148445353580594 
0.9812722388484102  0.4929989002905733  
0.9969331414516901  0.4915595870105802  
0.9973997089165417  0.48620967995714276 
0.9919983498625222  0.49170688604236257 
0.9787702498540741  0.4954578064802136  
0.9994980214037297  0.4920536899056768  
0.997105756592755   0.48711744569451776 
0.9990899990628237  0.4958982276666483  
0.994409441545658   0.48777823866686976 
1.000363887572371   0.4936875433384318  
0.9948230011173538  0.48466272168229946 
0.9621319764286038  0.4994283238264529  
0.9972512262488362  0.48901472411341607 
0.9898108046378303  0.48934205922422325 
1.000748379176287   0.4875876139441315  
0.9960359381954184  0.4912691317523119  
0.9922486040974302  0.4950393977295978  
0.9914925568354489  0.4938064096409186  
0.9948485253178122  0.4941958527624703  
0.9999951127472132  0.4864153297012145  
0.9845650391535586  0.49378372204071225 
0.995925548015285   0.4857864503090472  
0.9926811780869652  0.4885442554746649  
0.9897583021636919  0.4935719498519656  
1.000007546784072   0.4906036591459099  
0.9941455771209147  0.4924284782481113  
0.9989150682118608  0.48698320235544157 
0.9957306571931525  0.49039401427927287 
0.9993564219541329  0.49054553031318515 
0.9777260185653057  0.4929821304124684  
0.9887443775044202  0.4927561464253832  
0.9781515410389193  0.49420058578590365 
0.9978125220524224  0.4893064612696686  
0.9984246457376397  0.48993883572688907 
0.9918617580592111  0.4878821676575055  
0.9977201229743913  0.48792091338594834 
1.0022362178853554  0.48733911058017065 
0.9874243655885738  0.4871812332422206  
0.9979331167976958  0.48973270384821005 
0.9953118601610976  0.48911370179010116 
0.9930055570927894  0.4902278019110763  
0.9978386800484965  0.4896251882128021  
0.9984382348749737  0.4897115185254301  
0.9781767283064288  0.49714740742150576 
0.9888562250593858  0.49294814199286513 
0.9942308698609548  0.49393745332878014 
0.9857686829328574  0.49156331880202636 
0.9968769278647563  0.49145818182825063 
0.9822253994242112  0.48927305031663504 
0.9940183024042322  0.49130967203503323 
0.9981919324350109  0.4898376745455377  
0.9897322463220437  0.49264020975288    
0.9964043689184582  0.49175911689694995 
1.0014623638954794  0.49111506202268573 
0.999585976522072   0.4881636773380564  
0.9929189856244864  0.49022350356373284 
0.9897931921206372  0.4913435170069777  
0.9989863850107067  0.4887685699661546  
0.9959981576194328  0.4878621533767821  
0.9983719897703355  0.4910073466437632  
0.9994524911194923  0.49198185497872066 
0.9929149956432303  0.4892047250561559  
0.9996714500337368  0.487669295910178   
0.9994191916078436  0.4886212748988766  
0.9990339093587921  0.4883271494004616  
0.9881255552266454  0.48857027742604997 
0.9919512006177831  0.48773921440449247 
0.995980604237917   0.48787588948204    
0.9935071185435063  0.48689382311061735 
0.9925903497790548  0.49195723190572843 
0.9992640873927151  0.4921847463734443  
0.9897620772839554  0.4926475452757639  
0.9980188936261106  0.48952604469425365 
0.9827394631350873  0.49176782138495656 
0.99939865917685    0.4890144247419492  
0.9978783137965068  0.48795984087802813 
0.9889369572758605  0.4867791498864678  
0.9926889968028312  0.49234802457377896 
0.9983319436847293  0.4894730947963622  
1.0002888835480837  0.4871276592675546  
0.9959687238590342  0.48931903108232117 
0.9895488324282856  0.4932545046184303  
0.9988947281513341  0.48897570469897583 
0.9891916953668906  0.4915243966329078  
0.9888828711688962  0.49339009653579463 
0.9682717032351356  0.49650335441995797 
0.9942614013758855  0.49157117120330557 
0.9911710304349333  0.48856491242874367 
0.9934665445233335  0.4921934839734875  
1.00057268474078    0.4914406580215146  
0.9936821425017212  0.4903380319658685  
0.994189659670873   0.49113988929474317 
0.9907416992500138  0.48813998898612704 
0.9934180362689666  0.48983465014804933 
0.9906429257491524  0.49045273711325815 
1.0002146721693268  0.49176320579648203 
0.9958095519503178  0.4918509350465003  
0.9934541766914294  0.49218489961667633 
0.9899370349110918  0.49055560769322204 
1.000887334626149   0.4910031146167034  
0.99882746334452    0.48984340054276243 
0.9981168554214674  0.49080800453636386 
1.0005052240494698  0.49134829142821973 
0.9934910672017033  0.49091280589918174 
0.9942976357750202  0.4918910514306299  
0.9983055270269813  0.4898952560449591  
0.9956563023521627  0.4909099243950678  
0.9913679252057046  0.49248058933105854 
0.9945194963919272  0.49353420396638015 
0.9971157223874783  0.49062565601374675 
0.9935059815627774  0.4908905799114275  
0.990198223258851   0.4945812081390345  
1.0003187276341148  0.4925418514051422  
0.9891076013825719  0.49247125163506394 
0.9993981179679421  0.4898619056785645  
1.0004248898762738  0.49145218272419866 
0.9958368404769782  0.49144782045699253 
0.9745541736208366  0.491810773544367   
0.9989570816243548  0.490414272616424   
0.9980943138203763  0.4868807575130327  
0.9986206871625761  0.49089242877396    
0.9971545340710415  0.4890794286747547  
0.9921705657630097  0.4915683293980589  
0.9997267457908866  0.49453294320693264 
0.9787627679767493  0.4926768799102624  
0.9993197047925417  0.49161998263021234 
0.9997409819212638  0.49060927554436184 
0.9952238543461304  0.4900479853401198  
0.985578782112121   0.49685184642376523 
0.9880490289820708  0.49283265176234303 
0.9895075812897579  0.49099898729755476 
0.9930273839848286  0.49080880530090343 
0.9927138511108525  0.4914616049905137  
0.9977936435158017  0.48847053595222945 
0.9927408689416249  0.4907059669820466  
0.9991163779141863  0.48713506355910996 
0.9996958419848486  0.49155874872798794 
0.9899501408510427  0.4919455181456014  
0.9913070440717935  0.4929479352636843  
0.9941257057627298  0.4849730475822677  
0.9977645203189398  0.490624174254944   
0.99170108746573    0.4911192701269951  
0.994573910627023   0.49284391620762014 
0.9928768588817892  0.4930736031018949  
1.0013485715679211  0.4885950245149979  
0.9948480855519639  0.4910306803964073  
0.9922699838277682  0.4954447734183025  
0.9966480127436457  0.49203299724500016 
1.0004717299363772  0.49221813351362353 
0.9985801394909153  0.4901138983479482  
0.9870109857702037  0.49279600884886876 
0.969740210580743   0.49585215398539567 
0.9998547860255863  0.48836292676924037 
0.9967139909463972  0.4898000585527714  
0.9931995585081292  0.4896818553474783  
1.0002114097571357  0.4877326145970351  
0.9909733432414763  0.4923770714028253  
0.9949981809647538  0.48851507487272483 
0.9950472396690568  0.48841962031850433 
0.9966026913081123  0.4894585402868976  
0.9989005913979938  0.4863048696317607  
0.9928006123093958  0.4904655546750709  
0.9872699817901571  0.4926768681497128  
0.9777995227494153  0.4912582506155749  
0.9968552738885811  0.4853600032581512  
0.9988937585551776  0.4891866577853529  
0.997698183896732   0.48871953220597486 
0.9985187522418045  0.490784445163863   
0.9842078985545905  0.4907537180142132  
1.0005080879784403  0.4872202369017583  
1.0002839393607896  0.48897442607667524 
1.0007781768807968  0.4908402951945239  
0.9686441150236207  0.4966903288096004  
0.9993841756051319  0.48905222180864616 
0.9969794136563834  0.48883262724782306 
0.9983922957121608  0.488575009013164   
0.9791843536027036  0.49942772145567665 
0.9986573754254868  0.4889759567511314  
0.9949622505095072  0.4921071246113682  
0.9964649133045154  0.4913800127037863  
0.9988175655317449  0.49021644583177537 
0.9877933317328662  0.4917116410821353  
0.9923371592759267  0.4931713456011226  
0.9983920563338731  0.4896455496636707  
0.9984861118938444  0.48655864942707683 
0.9995106227373448  0.48936245315396804 
0.9983749465830245  0.49022167630156455 
0.9899527095353088  0.4879143712668849  
0.9991344154496027  0.48988488237362465 
0.9995715144897102  0.4902106656568854  
0.9993828301912049  0.4930720952220416  
0.978402452839561   0.4950344380254175  
0.9987998953308803  0.4932361848655936  
0.9945794419644968  0.49025721231142866 
0.9996910235391714  0.49006633653474324 
0.9978726968860622  0.4872541876471688  
1.0025586709509577  0.48829278240464874 
0.990372992490231   0.4887370758852533  
0.998488624152021   0.48437624057021694 
0.9637442280788543  0.4964382159514892  
0.996311879349389   0.4875333388961029  
0.9900198269777197  0.49048613235564464 
0.9929744707975645  0.49026706517348884 
1.000381018951414   0.49254595979207627 
0.9899237620382784  0.4917441277280929  
0.9910452021174079  0.4922029530590427  
0.9915723274594933  0.491703370662741   
1.0003706068899403  0.4901018411868223  
0.9888319224788245  0.4926956248123808  
0.9863335977594919  0.49117928023057156 
0.9979946574473276  0.48879467395637977 
0.9913807501071524  0.4954477848895242  
0.9979780167398171  0.4907392916104531  
0.9875670428110281  0.4956473621490683  
0.9937122835840193  0.49251441305488936 
0.9986827653798707  0.48920716698478117 
0.9895539768836226  0.4935948863415241  
0.9915504524918273  0.49303033515420686 
0.997339887966019   0.48893223256576207 
0.9968031099548537  0.4900130561771503  
1.000669879145896   0.49517794011661925 
0.9953911419748949  0.491215327413302   
0.9872208293409642  0.49077854124768566 
0.9927359647252844  0.48941446029203745 
0.9954542566656573  0.49317219739665313 
0.9903822001763386  0.4929024596702405  
0.9992656360002827  0.4917421141402177  
0.9953145076223517  0.4928935220057201  
0.9964864262613825  0.49061771810503246 
0.9855007237634799  0.49102049091298455 
0.9990249720647849  0.49144512473776036 
0.9986552855204206  0.48810491009950513 
1.001960274370151   0.4898740369819963  
0.9890776453503197  0.49185898394106614 
0.9933565488169888  0.4919223199069062  
0.9967207092566391  0.4925910140587132  
0.9939577714385116  0.49112078918651547 
0.9954302672281347  0.4889955582714145  
0.9977747756439758  0.48974145343606656 
0.9985320498956292  0.4864700221440013  
0.9812746790001177  0.49639668941651394 
1.0004002136353014  0.49147430841293116 
0.9967300129907536  0.48936798975302676 
1.000701392097366   0.48791627959140504 
0.9993720511740509  0.4883954329995291  
