0.9656651491966205  0.4893689009376381  
0.9656580769602277  0.48936783159364877 
0.979384163473151   0.48875962817133584 
0.9883262032057754  0.4954020404714436  
0.9563256811310341  0.489623738453885   
0.9690123562511308  0.49145006996667573 
0.9746577726803745  0.4894004700396055  
0.9698315704577897  0.4888786989803888  
0.9684320346355315  0.4876889485171399  
0.9419235761449996  0.48920812469273117 
0.9790790331552847  0.4912836651088833  
0.9441589812781606  0.49031208418522293 
0.9779483843702801  0.4895527764844022  
0.9740118525060786  0.48778561685558197 
0.9725330445625445  0.4904259015572229  
0.9708206714950567  0.49177175819019636 
0.9822632520946813  0.49197662026533834 
0.9710012090291713  0.4888917673844276  
0.9724364217447434  0.4911119470841355  
0.9838312003917827  0.48992272814105603 
0.9365539375098083  0.4926374705713972  
0.9750952823316844  0.493299970104303   
0.968321415767834   0.4900639800443844  
0.9744581632577576  0.49005608374663384 
0.9774346794818778  0.4878580217629803  
0.9749223241994037  0.4910455209338608  
0.9694089834128138  0.48974581329621675 
0.9690146309885553  0.4929779722789214  
0.9367912872588694  0.4905132684823033  
0.9584894311655571  0.4913345061378088  
0.9724731419888026  0.48887314214069505 
0.9786025622978834  0.49041467606610595 
0.9736983247834875  0.4896953580021829  
0.9722852790416834  0.4877302277606063  
0.9720914907045246  0.4885118583607876  
0.9724864129459899  0.4904394784556496  
0.9713215967955646  0.490246122071257   
0.9810827971868601  0.48910663923266584 
0.9823105839423029  0.49008480257783954 
0.9656877779349246  0.4883056928888524  
0.9519411241798975  0.49094523805230245 
0.9736466030285296  0.49285540997017185 
0.9669299765904801  0.4895873804042561  
0.9437086831512794  0.4904763367435773  
0.9651078908971249  0.4898115164794789  
0.96069666156259    0.4888199295751024  
0.9677454036969843  0.48912346576058147 
0.9632056038237429  0.48701047489993526 
0.9784603431525394  0.48550926477062806 
0.9757032243450561  0.4915820311750389  
0.9706310456429901  0.4874326042521596  
0.9788298031802426  0.49103926896196454 
0.9808155742480306  0.49129262512800026 
0.970013144845629   0.48854739389442187 
0.897234005979268   0.48626929203887476 
0.9556994220785652  0.4899353805450182  
0.9640369554035584  0.4865788859334504  
0.9761110079923039  0.4899940941241786  
0.9585952350741276  0.4902605189788558  
0.9799228849549138  0.49045818737539326 
0.977658548197656   0.4914352943858059  
0.9969614255235801  0.4931106876784743  
0.9716522440502153  0.48690968385433275 
0.9724574845098269  0.4941998119281076  
0.9533504385180789  0.4905548504722014  
0.9720891892155894  0.4886169153169801  
0.9792221534849481  0.4906565700162152  
0.9574089566388494  0.48568507941740025 
0.9766317300334183  0.4879695018444015  
0.9680368252339681  0.4897991631615499  
0.9812282878820213  0.4946550363712906  
0.9692683078876033  0.4907767172365647  
0.9760498684317935  0.4902256525282902  
0.9751576690786433  0.48900963465185476 
0.9753222848975523  0.49029699791752457 
0.9800207578417672  0.4888937257464236  
0.9768455229741131  0.4878933358832011  
0.9611088371764848  0.49479304909942445 
0.9617843379049088  0.49255319120533453 
0.9760069420811653  0.4902156367669508  
0.9794476000625107  0.49028481087769366 
0.9684020535424801  0.4890409513117853  
0.9513106341301426  0.4909598468572131  
0.9783780253595692  0.4907238549368388  
0.9782193345680117  0.48995949451314863 
0.9789879850708152  0.4921244849184372  
0.949617620038699   0.48827577604078587 
0.9718819018317518  0.4886637307440761  
0.9771590829685232  0.4881580637610095  
0.9717769790053982  0.4900889360379074  
0.9779950991980904  0.4895621519487373  
0.9746795480290187  0.48916244745353665 
0.9618724890401631  0.49027030975932945 
0.9822087321108014  0.49028575780409744 
0.9662473110338353  0.48307772622200773 
0.9835092143903325  0.4918077593734197  
0.9728153887722858  0.48848396137957223 
0.9720084383448896  0.48448212872417584 
0.967111449800624   0.4926730468480942  
0.9760621168163531  0.48837081441144087 
0.9817035569295757  0.49197412962879133 
0.9685731833117358  0.4881383065215922  
0.9830226150349339  0.49143119270746627 
0.9631252047664645  0.4923075227887266  
0.9777371650971466  0.4879412320053161  
0.9776480632756832  0.4893670683089944  
0.9712576581479812  0.49060734571467735 
0.9699495833559586  0.4886544408936023  
0.9746859846193856  0.4882821997984456  
0.9788731774918101  0.49074650230171024 
0.9730212825519016  0.48617565027002946 
0.9728396681679049  0.4899306284513237  
0.961793354054774   0.4922265350819234  
0.9732479139483636  0.48883100806184876 
0.9567485588723765  0.49098743629880326 
0.9764296223651745  0.49065950271317976 
0.9776919357715141  0.4902412059837772  
0.9792337738011684  0.4870996634012752  
0.9738994819396266  0.4901840383745114  
0.970334852785604   0.4895242127298203  
0.9662954300156997  0.48770147441373757 
0.970712322201641   0.492289021959701   
0.9726980812777622  0.49031427527779425 
0.9785146908033824  0.4902417260068724  
0.9809008578548715  0.4903767583514301  
0.9662860825860432  0.4921933568854312  
0.9735329859322587  0.4883431523612789  
0.9785070066164989  0.49059393210645724 
0.9858543885091681  0.49146745741445685 
0.9701576535004661  0.48863247230885365 
0.9772502292442263  0.489207668083142   
0.9765602913878058  0.49003210563547017 
0.97084680974715    0.49143106291723737 
0.9786628060710569  0.4893815603615258  
0.9442734265133454  0.49176949448989504 
0.9791460834949901  0.49012277971612467 
0.9716092712750021  0.48657320002331494 
0.9422735321482285  0.4891096063572653  
0.959171680891993   0.49194403524857    
0.9719816622248084  0.4899157459108879  
0.9740818938158985  0.49068847134617033 
0.9473711770480517  0.4916448527840516  
0.981357617566232   0.491964847550715   
0.9706667679095806  0.4876519589240232  
0.9851964546421741  0.49125222341251906 
0.9760571591678795  0.49037817315419274 
0.9757149167735656  0.4906611261038575  
0.9844175701470542  0.49090991096982606 
0.9858222768792715  0.49297132297928314 
0.9782448414140731  0.4891223084969051  
0.96960742253491    0.48987277805907586 
0.9712650863556698  0.48883702199778367 
0.9719354476103813  0.4926486147067638  
0.9696874276200139  0.4932095132816161  
0.9881800921016516  0.4884257612412549  
0.983297459660084   0.48977507937346276 
0.9834786909142573  0.4892400767603194  
0.978539460183461   0.4873420256714018  
0.9767944359936379  0.4893256779460884  
0.976312865829054   0.4890833769727691  
0.9841938184411467  0.49145115886264823 
0.9673187866172086  0.48976753152348984 
0.9763260008626736  0.4910039316948147  
0.9577914210589599  0.48996161767806734 
0.9297906213054971  0.4891938700980512  
0.9757941510712181  0.48988188489376167 
0.9845438203496387  0.491589985602588   
0.9837507750287571  0.4897974864363288  
0.9744257971187303  0.49031926488340666 
0.9593272781177192  0.4913565339706633  
0.9809382652646232  0.48956574952675064 
0.9734396672534962  0.4902935265701047  
0.9741296714271743  0.48610970675179305 
0.9700596469304023  0.4884857537890515  
0.9677735660947635  0.49067842490517427 
0.9774242359106863  0.48856220205338985 
0.9537155095745792  0.4936195671120588  
0.9720605983915473  0.4898135848046706  
0.9744991471692379  0.4903355233636819  
0.9769264764825014  0.4909318537730685  
0.9696676903849666  0.4896705944749052  
0.9785235615024704  0.4913991383940726  
0.9593881242587491  0.4897849539512536  
0.9814972055080808  0.4880147113066241  
0.9811335330801101  0.49076799823197953 
0.9797204136166778  0.4889458471014202  
0.9702532896456566  0.4889930696570109  
0.9519902710142718  0.4902058351851991  
0.9763193053398224  0.4883749471141583  
0.9608930761909503  0.48806107288201106 
0.9848786379969862  0.4909150199705705  
0.9676848951079732  0.4895677932088585  
0.9834081639532047  0.48712835268727395 
0.9776209856956941  0.49245951732435167 
0.9851915811112072  0.49243285264236625 
0.9772843417572802  0.49020014753554875 
0.9794298858200592  0.48942682013351974 
0.9704843975574131  0.4920190495662436  
0.9828574839753319  0.49085028910431483 
0.9746489651530537  0.48815312189434434 
0.9571043341838552  0.48543528553832693 
0.980848129232235   0.492647489512862   
0.9888291725675384  0.4848213013537756  
0.979977216546263   0.49003811000536335 
0.9658580573136782  0.490744573446892   
0.9662339546094292  0.4873837319424631  
0.9646690163429136  0.48975288875887907 
0.9741606379346535  0.4899505688325433  
0.9631965937828135  0.4941217865685936  
0.962570629098601   0.4921173985461833  
0.9825130268610516  0.4909328224130008  
0.975660396241439   0.48891215244225966 
0.9703603693260022  0.4865456123154967  
0.9748907228497881  0.4876108776979805  
0.9761040167317951  0.49006214507995116 
0.9744247713062582  0.4886219790485521  
0.9771402754667957  0.4900200023157101  
0.9732702226318547  0.4933767471046732  
0.962197684446517   0.4904439927328191  
0.9912140842016813  0.49576589596841847 
0.9897477651459592  0.4919077308815093  
0.9814024782585672  0.49012553000333026 
0.9661198174920665  0.4920939724089865  
0.963906077941271   0.4900752895331144  
0.9614483261400854  0.4886443963156749  
0.9723481085731107  0.49053805261717737 
0.9748435542151739  0.48941576088196215 
0.9869175142310659  0.49212349400998456 
0.9792395083947594  0.491882480526634   
0.9760835489499929  0.4862611073586306  
0.9703648415118645  0.487236781871914   
0.9766608449479623  0.4912325642468272  
0.9818334285133677  0.49046488086091306 
0.9731752713808475  0.48689665948388744 
0.9710269291279456  0.4932507461093547  
0.9835455170990777  0.49015683166161256 
0.9832132283665848  0.48857176526926827 
0.9798438368012301  0.49111221722796466 
0.9792502799909527  0.49110299899420384 
0.9734143798136738  0.48960448624890884 
0.9558289964990908  0.49426808363654684 
0.9771054877994788  0.48951136854623367 
0.9648414228820387  0.49163974615269346 
0.978679034514788   0.49070200224323257 
0.9806026908077068  0.4877647477664163  
0.9788345656301544  0.4918367602543133  
0.9728153705183182  0.48781348972890737 
0.9695787874467598  0.4876179625163866  
0.9828144906768144  0.4900694264736751  
0.9654477341320871  0.4926064997348684  
0.9763392965312768  0.4872219884832949  
0.9782587533178877  0.4898206114860282  
0.9722617095643781  0.49091259378406643 
0.9770137290780427  0.48892568104056655 
0.9616281597132322  0.4930353009576963  
0.9808379314267833  0.49119429773866846 
0.9761321295680772  0.48931132471995087 
0.9754749387638774  0.4930230013307921  
0.9526453368682984  0.48962795707568696 
0.9690409533467403  0.48931571381333766 
0.9801070433712231  0.48878162547703335 
0.9812341255920717  0.49114962841373955 
0.9574810608089942  0.4918123272417438  
0.9839471859149417  0.4902543448846435  
0.9790466913765921  0.4910492075888726  
0.9719939839085805  0.4893362408594691  
0.9496246732142649  0.49028009803554196 
0.9741921287469497  0.48883449770500553 
0.9865245472161592  0.4926150120554787  
0.9840598804033936  0.4914975519348922  
0.9772272353693421  0.49219992253144296 
0.9669821790187613  0.4863691451768692  
0.961825515650935   0.48476180806989116 
0.967098105648756   0.48853374954795104 
0.9662744835713253  0.48978148515668996 
0.9887977475863167  0.4872213483701188  
0.9628549563542328  0.488678966728437   
0.9719043484417412  0.48823687461930304 
0.9366623411664114  0.4885138860899751  
0.9805829113353044  0.4879411363709275  
0.9806124798571895  0.4908492014715916  
0.9711994196379201  0.48953137624667237 
0.9574039417407031  0.4880800613078536  
0.9755951275089257  0.48897131436087116 
0.9706928869592958  0.4878133635935943  
0.9759567611407404  0.48844812763591844 
0.9797710817194595  0.49029979010994656 
0.9656102609008969  0.4907301104709803  
0.9741187043045401  0.48657600870537915 
0.969092060670885   0.48919931317406523 
0.9423262653213974  0.489622596181553   
0.9722530558357408  0.48874875181945177 
0.9765171023287162  0.4906021569308901  
0.9510441389226314  0.4840985957508284  
0.9711121602065278  0.49008937100924377 
0.9724953762571794  0.49133025507963224 
0.9847953425685594  0.49089223673688276 
0.9771826065649305  0.4886076782418522  
0.9789903010497597  0.4903742369274556  
0.977801223182857   0.4877375340440198  
0.976997338982766   0.4891953347962934  
0.9743368066656656  0.4899025719860779  
0.9725518128444457  0.48901123445632916 
0.9698022897616381  0.48935036811931665 
0.9693626125276547  0.4872008491261725  
0.9728066423128564  0.49148310108111115 
0.9720921727587176  0.4888325064110974  
0.9695851302192321  0.49193016422532687 
0.9810159962114243  0.49033337228821156 
0.9801896774000651  0.49012501272314635 
0.953427891750219   0.4935876498113188  
0.9607780604638674  0.4930541783036875  
0.8932984285988229  0.4884534754911033  
0.9731986109431039  0.49396781484153673 
0.9764374229559032  0.49019858495440266 
0.9822840675255887  0.49143481304312486 
0.9693948624129928  0.490198294008928   
0.977569787213978   0.4934606449938108  
0.9769125131564138  0.48976868062711065 
0.9802259482081541  0.49376290345260293 
0.97431247061178    0.48929447610200605 
0.9761448285941594  0.4934655586814633  
0.9780604092116888  0.48942685666079927 
0.9685185288426527  0.4906735076429423  
0.9827695531397045  0.4933495461149896  
0.9690021476950783  0.4917453850124182  
0.952132829416336   0.4871526843511047  
0.9701237943418197  0.48869037839981666 
0.9795214689447516  0.4889358928087646  
0.9815167668920639  0.4890032216556254  
0.9694944683725677  0.49051301183251694 
0.9640531577957695  0.4925114377125855  
0.9612138610970187  0.48893356671672117 
0.9708325587752501  0.48851649928465835 
0.972608088145044   0.494329335362243   
0.974012539752408   0.4899815998086863  
0.9712806340621937  0.48775176765360967 
0.9832877856631066  0.4886576071362996  
0.9618361951954879  0.49180776521377806 
0.9598821363523218  0.49120627825165286 
0.9749686024469365  0.48825929133060747 
0.9789972082928345  0.49318496008893753 
0.9798822882587254  0.48953324812059695 
0.9782091117296388  0.4891905527698199  
0.9395406344186776  0.4862144511012991  
0.9583139969529438  0.4915481397024167  
0.9805388654041598  0.4872105285127802  
0.9718102474748049  0.4872535187818631  
0.978725153251899   0.4876198345857913  
0.9656214004542261  0.4897035537889144  
0.9539882176983013  0.49309265086000686 
0.9736322089677849  0.4897930065861273  
0.9780408038754197  0.49200470599675267 
0.9699245791832598  0.4883358481158964  
0.9646487326584533  0.4903594859710275  
0.9731008384043673  0.4922704546355608  
0.9776032074120234  0.49020053173235056 
0.97832111737885    0.4900413950956393  
0.9782164308060898  0.4938944719242022  
0.9705691291751136  0.49039090174808847 
0.9546759259142683  0.4879239491760845  
0.939948558487435   0.48990899250860626 
0.966257615887959   0.49179539260273875 
0.9819595450712645  0.4954207043232286  
0.9747414658020462  0.4909632971915607  
0.9695053158933626  0.49067884045132815 
0.9810469067533465  0.48979175441085027 
0.9549552822197849  0.4857965762410299  
0.9761199570616002  0.48982062751248434 
0.969552614796591   0.492853244239567   
0.9683812298089852  0.4896006216278645  
0.9685027479386525  0.48694213666240616 
0.9737762101699037  0.4897375785109054  
0.9803091643718534  0.4905433502406642  
0.9654668923760901  0.49112995678960225 
0.978644582929464   0.48885717719407645 
0.9874958564688533  0.49232440047673753 
0.9802305702907005  0.49194089987808404 
0.9679211882092368  0.4923771826569941  
0.9708141625216778  0.4896115979671105  
0.9714970086554621  0.489559951382442   
0.9757342038372945  0.49176825407279817 
0.9633535923466946  0.494274094652273   
0.9762187576579878  0.4887937279605264  
0.974494507222198   0.49204566330371413 
0.9803733144287898  0.49017609760305825 
0.974323994348606   0.48822574132537266 
0.9831842920015339  0.4913211279943145  
0.9755264804568821  0.48837603083232173 
0.949451289001614   0.49003405430380664 
0.9716461386668964  0.4894281662654016  
0.9741022279953812  0.4884103279203316  
0.9742936882696901  0.49036459344984096 
0.9858933353461653  0.4913557268014791  
0.9749824655778849  0.48867549872214167 
0.9684215441309458  0.4866633730981945  
0.9728559471877335  0.48823986345658094 
0.9777356172406885  0.4888684331111851  
0.9873556934957567  0.48927792551792043 
0.959476719327489   0.49223988200689495 
0.9670102141548756  0.48885774346753796 
0.9821594506824313  0.49145613474962013 
0.9790578150560946  0.4906360016960049  
0.9809151354796238  0.4903286891184475  
0.9802957434286574  0.49129018216955184 
0.9680695817873248  0.49193913248481225 
0.977333795040582   0.4920712853982604  
0.9783583090555731  0.4904965013222542  
0.9768238534289678  0.4844764727046576  
0.9696961890705362  0.49013696867937484 
0.9746127753388192  0.4928953247996507  
0.9861082914869268  0.492663341114276   
0.9797992481367487  0.49446482983030654 
0.9844320125044135  0.48961142881151504 
0.9695651254963578  0.48814200279631204 
0.9778104216864534  0.4899759711638989  
0.9767873256212954  0.4893137881149282  
0.9901146551539343  0.49314440175614294 
0.973754599475135   0.48860216246941535 
0.9712809724438547  0.4944706432859858  
0.9786919737279363  0.4890029036066698  
0.9767846100743974  0.49026797345958123 
0.9709598421100809  0.491381976829783   
0.9754469348177981  0.48661928580955155 
0.9681826506705549  0.4908185285362712  
0.9576430049358847  0.49050367328209005 
0.9625873037325271  0.4903962834335714  
0.9685212672531633  0.491551663207954   
0.9729827747532015  0.4892206839839644  
0.9842294887858778  0.4916319856190608  
0.9690765159527523  0.48970323959834605 
0.9753413422883516  0.49053056974783726 
0.9722063038953362  0.48886416760654333 
0.9813925669896939  0.4908072396306986  
0.97668640783937    0.4899787647547718  
0.9647340764661292  0.48992898980586597 
0.9810929105982552  0.49043385963162145 
0.9849973520256162  0.4912676955107882  
0.9801298688316874  0.4902944232008075  
0.9848333653668571  0.4910056844461368  
0.989148544479143   0.4914915316373849  
0.9670888815598275  0.4863682610154835  
0.9733835863182044  0.4885399921051528  
0.9847944641084305  0.49093028059976684 
0.9692310300561328  0.4897798350024206  
0.9528979861851087  0.4921968008524401  
0.9562311151707773  0.48701572731407083 
0.9798879361140069  0.4926304574861018  
0.9721982970708205  0.4906253781140293  
0.9794008099255506  0.49015906630442124 
0.9744328610035926  0.4859915357676911  
0.9789916636377012  0.48635195497496775 
0.9799368353358529  0.48986033482096786 
0.966321221980597   0.49049451100216446 
0.9725011462770955  0.48938133025780256 
0.9699292505034518  0.49033233149225974 
0.9753583007916433  0.4905423912508494  
0.9675634709806157  0.4890899079424652  
0.9760004793850214  0.48904359530128566 
0.9798233341867686  0.4911011248092086  
0.993531912424093   0.4884718553768713  
0.9765574320031769  0.48517171135305737 
0.9767828112164167  0.4893192963497665  
0.9719315103262266  0.49217045901349377 
0.9200210212685691  0.49267313631147186 
0.9661030409563143  0.48709861938587273 
0.9755278569674013  0.48875531526890054 
0.9818877421563321  0.48955388073187317 
0.9857904032290628  0.49090095674060497 
0.985095442309194   0.4917689171642148  
0.9834053034739232  0.49258459862007314 
0.9814628914921525  0.49064128092978804 
0.975553044295915   0.49578156324322703 
0.9683561284232711  0.4882974047380048  
0.9812891293000874  0.49007227919414    
0.9836775421049584  0.49119890366249025 
0.9787532187632226  0.48952040314603706 
0.9620857695887205  0.4873012159526497  
0.978099282542059   0.4942398318617737  
0.9849212272282909  0.4881820852245257  
0.9718592335001178  0.49112285080650186 
0.9840211395362167  0.4880926906124633  
0.974715596750429   0.4883825971196808  
0.9690323429359122  0.49310052597874987 
0.9709262363008273  0.4901460523358789  
0.9687054531218136  0.4914849277900234  
0.9797509548389438  0.4882872857325898  
0.9707356383179104  0.4911891959890168  
0.9739912175862793  0.4892511997166385  
0.974630735281626   0.48914971932277435 
0.9613815213411533  0.48732755131804434 
0.9369231582302503  0.4905654340686719  
0.9734859382182781  0.48595028926233974 
0.9773557332345988  0.489916265572456   
0.9831880516951681  0.49116823865335957 
0.9755009193955965  0.4881242562402922  
0.9106196892440813  0.49623926623884157 
0.9776680671379829  0.4900593962651053  
0.9869198997780041  0.4930966192267639  
0.9795789575924103  0.48928244124752795 
0.9842189354658163  0.4881058993334135  
0.9788907692518838  0.4899059694736432  
0.9626910324553559  0.4893205303075915  
0.977256849217192   0.48854283860054337 
0.9806069148732451  0.4900269990642415  
0.9845436186068566  0.490459366662759   
0.9840595297632415  0.4969775712928928  
0.9876262690946906  0.49523949008088247 
0.9757902241968377  0.49086124019664246 
0.9760272582396671  0.4898438989739664  
0.9401852508698794  0.49401994528144305 
0.9765343667610844  0.4901722851333039  
0.9752877959486288  0.4909472981151723  
0.9794402115470485  0.488702783745869   
0.9773425894389467  0.4901150871669317  
0.9521869576738705  0.4908314330720319  
0.9535864061895368  0.4882779243599096  
0.9719691299456923  0.4894854447284869  
0.959260113074389   0.49086108788879956 
0.9638449455423268  0.49265428313387827 
0.9657836406431947  0.4877418810426699  
0.9800077536050236  0.49125812421317566 
0.9756349257554884  0.4917275977084307  
0.9798425322598695  0.48987153659884314 
0.9777433133055977  0.49047855989488487 
0.9795058773399913  0.4928551043926472  
0.9749728715302901  0.487319351920846   
0.9667910067529356  0.4900907437488852  
0.9725356912362765  0.49009027243168096 
0.9775930571094971  0.4902459059340568  
0.9788014587618856  0.4890177500449278  
0.9843010611625942  0.49325331195534894 
0.9701622331026666  0.49317246118110325 
0.9854644994388488  0.49236476263624385 
0.9753921391250492  0.4878745242096599  
0.9790066261967304  0.4909946344336862  
0.9848844006944593  0.491922062575714   
0.9664720536578287  0.48917884509294257 
0.9799912315757576  0.4885830365371916  
0.9789893595942047  0.48791399242191713 
0.9757641066872683  0.4930319263764618  
0.981145210520759   0.49046704587075773 
0.9808844401342296  0.4929908991828585  
0.9803329377350171  0.48906269454930745 
0.9691976262812346  0.4876730923308236  
0.9784529900223137  0.48884115083622837 
0.9817837496370047  0.49011334747328306 
0.9744443950226445  0.48948468918924715 
0.9798405238098671  0.4915854222187501  
0.9742988716458679  0.49028959701684444 
0.9759067700613175  0.48814686505931076 
0.9628286807338825  0.4912045808390344  
0.9839871069849241  0.48989968455546884 
0.9733731613009712  0.4883216465911327  
0.9604379245547915  0.48996196980100337 
0.9738644296724668  0.4890555167383194  
0.9531552664116534  0.48744450727681743 
0.9771784120314926  0.49016834113128344 
0.9698735701950273  0.48915973935678636 
0.9695732966911146  0.49362874162168857 
0.9722763472287048  0.4888344879182235  
0.9752732243859052  0.488690129957404   
0.9670511970730006  0.49101353090456    
0.9755409116770085  0.4877172918940556  
0.9698947649636405  0.4935206926197849  
0.9767872586648181  0.4890891246271907  
0.9793893169433191  0.49071475393540115 
0.9793620906610583  0.49159008505654833 
0.975507427260193   0.48975916381605833 
0.9714727602209883  0.48923807515416856 
0.9807641431103026  0.4848228337056312  
0.9740017878614884  0.4896361495047165  
0.9424761692122187  0.48997901752279305 
0.978264191432959   0.48984040923277355 
0.9756687145743858  0.4910350360917567  
0.9699474535292805  0.4885521378644093  
0.9861296268809484  0.49080710037519004 
0.9754865537757972  0.4898987371538504  
0.966562154967418   0.48888637814697117 
0.9776300693778874  0.4897051830441479  
0.9791810444996346  0.4905614053598337  
0.9656666198351924  0.48594617075750135 
0.9717636397439238  0.4866952025710427  
0.9720036570679703  0.4869846438377462  
0.9768510399498207  0.4927488724283483  
0.9842621184614945  0.48937206020254886 
0.9672477188347371  0.48401081726432826 
0.9823011980396199  0.4865471155795156  
0.9781180850277493  0.49235856074016066 
0.9672617058361126  0.49044129644017914 
0.9768965848058903  0.4900182703785937  
0.9719021833472302  0.4877906616128209  
0.9779840003714529  0.49096647056228454 
0.975124313819617   0.4890866402745057  
0.9875911280090693  0.49174194072025146 
0.9632698731640292  0.49437027003904344 
0.9799323969799921  0.49044032457161446 
0.9721244793469209  0.49194674828794316 
0.9836224928497462  0.49223758157471775 
0.9689775402832825  0.4893657442234811  
0.9782946541699585  0.48928482393884126 
0.969305540664101   0.4935079523232637  
0.9812609552226329  0.4923215427720925  
0.9537651100574368  0.48979428679082204 
0.9617240384411847  0.4874971181235871  
0.966025792278976   0.4867801185503981  
0.9760017176251785  0.4894940042467975  
0.9746349328915835  0.4888096008745573  
0.9733443255911515  0.48887157417213045 
0.9757498633409292  0.49008028790665553 
0.9610143678389221  0.49388080594177786 
0.9769798785534167  0.4890499254873701  
0.9658457940568905  0.4878500739769234  
0.9739968131140639  0.48847548728679774 
0.9764767074268237  0.49321160857807467 
0.9766214120429761  0.48803389369218575 
0.9783534723380257  0.4905966274113238  
0.970731486332864   0.4876739520581558  
0.9666335219331088  0.48836374474512334 
0.9596224063066343  0.48866892070433005 
0.9809516328907765  0.48812539225514195 
0.9650302874229348  0.48888391698896705 
0.9784094994552867  0.49040434906860086 
0.9721319145016913  0.48709204014249863 
0.9649326245615297  0.49140352113818897 
0.9736702777356757  0.4890768483035418  
0.9770292448825345  0.4892221226992377  
0.9527317737829673  0.48999651441974323 
0.9815802109160654  0.490691920609414   
0.9793789588625197  0.49044775288720455 
0.9666949190637288  0.4891842541205654  
0.9878221753300076  0.4922524442135071  
0.9731021818545244  0.48987215650610033 
0.9695673365093973  0.491166809085359   
0.967807676724505   0.4904477596782137  
0.9765142926459658  0.4896222466755893  
0.9698248425382064  0.4882584847417967  
0.9732493005648316  0.4904181777199377  
0.9785888752554632  0.489669157403756   
0.9626350133207718  0.49007907807996426 
0.9724078533687504  0.4915612572700118  
0.9827768982311438  0.49230142718757997 
0.9821212972507237  0.48974958595053075 
0.9720230952264011  0.4893609606637573  
0.9795516055611855  0.4902135766777149  
0.9739953520620739  0.4900939892328616  
0.9688438726812169  0.4941288505179484  
0.9798893744858437  0.4894907310935353  
0.9653778361059506  0.49149432565775597 
0.9788947502366823  0.49134566227864923 
0.9830055359316794  0.48958745699246886 
0.9725636483284059  0.4884563208804953  
0.9727915241512599  0.48773405286041904 
0.9642166385776726  0.48976397417694983 
0.981082751736935   0.4863541086910461  
0.9768460627266956  0.4895223050628541  
0.9623214803764668  0.4894154222742967  
0.978898645707741   0.48992017861935055 
0.9676800439353563  0.4893773998898821  
0.9759245981183756  0.4901472021399138  
0.9779426107015438  0.49036498524041144 
0.9698640891184641  0.49131772661218837 
0.9647902384419874  0.48922293843491155 
0.9730471227065257  0.4900351305594006  
0.9881733947853159  0.4895060204116823  
0.9740253118332757  0.48825556302899853 
0.9594356871721991  0.48779892323311885 
0.9702579047382694  0.4912291704710733  
0.9825447676230582  0.48965854881795096 
0.9758113057202945  0.49013276064799943 
0.9766472352609692  0.49122657209150944 
0.967608581637056   0.4885393564340948  
0.9754368220346677  0.491236806674709   
0.9857950911438105  0.4911513843572719  
0.995788390651066   0.4896633038054293  
0.9682936516502765  0.49036218610942184 
0.9647640580137447  0.4910209403179307  
0.9814692210828144  0.49121367869325266 
0.9765829574425519  0.48969651503740064 
0.9712760194382396  0.49114117940409857 
0.9763387055920889  0.48811418496262193 
0.967224211919309   0.4868260917001722  
0.9582485232446653  0.49385014214679634 
0.98057449978538    0.4901174878350136  
0.9697049773150243  0.4915166647100201  
0.9543703577928387  0.4881839288309652  
0.976161106648607   0.49222572326325564 
0.9582317759647005  0.4915475945179751  
0.9609553005177726  0.48679894375651817 
0.9750721819805129  0.4926084983968211  
0.9622638043670049  0.49333140940568654 
0.9720672417073151  0.4898787219529445  
0.9570090771987869  0.49147027742488303 
0.9752619318935013  0.48726382175810296 
0.9831106792368256  0.49125080149109956 
0.9666179761129226  0.49144935162583264 
0.9677805170872964  0.4903024175194646  
0.9793494088635857  0.4889245780783459  
0.9706137488830255  0.49217433609912487 
0.9565848438440447  0.49320125782821866 
0.9771357940834564  0.48961344080301483 
0.975906050963387   0.48931240779034013 
0.9759133525469675  0.4902668883142468  
0.9624831600050371  0.4894981790478845  
0.930018618292316   0.49036699879501583 
0.975087253052877   0.4936492304482799  
0.9746388172809128  0.4877816819147326  
0.9657826318293625  0.4929196777386436  
0.9774278534617529  0.4896122893240189  
0.9777132619186196  0.49030688602524475 
0.976766746303158   0.4918550522854098  
0.9738686396696461  0.49249406586767835 
0.9693359120668484  0.4909825483403215  
0.981788077930367   0.4922427141495791  
0.9756513497301973  0.49042056274263857 
0.978480828886334   0.493917554999954   
0.9820190468079331  0.49007659380677354 
0.9566857888660241  0.48769919310001    
0.9789958080984391  0.49131495352965704 
0.9447611977804784  0.4883096960799948  
0.9429354492189748  0.48861571011927885 
0.959774800172966   0.49056594567277206 
0.9752674432661845  0.49044264711784663 
0.9760718158631873  0.48919438685738237 
0.9798205017213312  0.4922232750759554  
0.9695606313178559  0.4896173506767968  
0.9590908748629773  0.4927504671759001  
0.972790384863153   0.48941786553763406 
0.9716072926180035  0.4906457884950634  
0.9795307818890274  0.492866713846045   
0.9769429228142386  0.4872819506344003  
0.9797258060436868  0.49021635541887487 
0.9882035900100471  0.4931040019242303  
0.9891827530422788  0.48492476377972005 
0.9786564510434959  0.4908035953254295  
0.9808271544438395  0.48842359902383475 
0.9788939561009273  0.49003897008763037 
0.9785029638743584  0.4911153460851575  
0.9796826934205115  0.48846095855412486 
0.9792253013454048  0.48972642284771584 
0.9667213726742326  0.4901640401534022  
0.9849464818368137  0.49100368417872714 
0.9665582762612278  0.48738646176671685 
0.9791543171820903  0.4900715172071024  
0.9551396043631251  0.48886299781867243 
0.9727641697972     0.49234397179424705 
0.9510445970353895  0.4888217496441634  
0.9681278678931547  0.4890028919109832  
0.9742448077485062  0.4897992177053681  
0.9737745590563474  0.49253172693478364 
0.977327662474213   0.4881273701998502  
0.9736758506350135  0.49110419782552545 
0.9761206239781656  0.4912377094277056  
0.9848091474441152  0.49020526212200627 
0.9693531415199594  0.4910581398113518  
0.9542930852970611  0.49075991917563944 
0.9739283609497685  0.4902248453497592  
0.9707223255355468  0.48682548564342465 
0.9718203168512174  0.4907342348008375  
0.9525171831404873  0.4928142208125686  
0.9801626518643092  0.49195832594195726 
0.9728703697431107  0.48624109452651404 
0.987037249031511   0.4950559487862348  
0.9699513520217179  0.48714103813630544 
0.9902021735279369  0.4937129304015346  
0.9587844577734203  0.4831220471214601  
0.9204858262035477  0.492517736032415   
0.974154984059578   0.4890746830717242  
0.9627839754006777  0.48758501229558515 
0.9794145581535918  0.4878771255873787  
0.9716446186519697  0.49078964747574405 
0.9755720903349397  0.49422514542223867 
0.9721971065197208  0.4927722034948639  
0.9770184297823479  0.49358717591116846 
0.9702972411619931  0.48628100397577395 
0.9590027027431532  0.4920857885573938  
0.9662780191599828  0.4849589971580053  
0.9723533433897141  0.48797580462029105 
0.9738031854096333  0.4923639129618166  
0.9859132131726638  0.49047066517510846 
0.9758118660850107  0.4916507868223766  
0.970946909749691   0.4867541489107273  
0.979935043884081   0.48997598486428495 
0.9793570459630954  0.49054433282713844 
0.9493208010943442  0.48991891547298294 
0.9646651958172611  0.49160900061118684 
0.9502208829616378  0.49041166423866595 
0.9735608664876957  0.4896890848250152  
0.9782719234364321  0.48988513099340547 
0.9665137318645238  0.48737949578775586 
0.9718665358169203  0.4875547336452082  
0.9868288366285943  0.4879844559369552  
0.9614315528305523  0.4861777581835277  
0.9743173848597291  0.4890281700944431  
0.9739891191258698  0.4882035497413706  
0.9700492826332134  0.4894193778616024  
0.9739527602715821  0.4896215139935431  
0.9753766596533735  0.4896212192872482  
0.9531041466248233  0.49467872372324384 
0.9674882335025362  0.4915702567967148  
0.9784994250186655  0.4932377660786446  
0.9594532371095975  0.4896248886721217  
0.9778704396768585  0.49085597296631733 
0.9578407217384795  0.4883627122848644  
0.9747219167971468  0.4904662659038839  
0.9742361360896366  0.4895308871160469  
0.9693753352223947  0.49122138589613634 
0.9758900025710802  0.49126494011920885 
0.9878302164586834  0.4916899780487208  
0.9802094861717299  0.4882265665135209  
0.972855822724826   0.4896298347303817  
0.9656139833316185  0.48984107050484466 
0.9754049403077917  0.48850942878526604 
0.9772839910216573  0.48740439655661094 
0.9838140118239063  0.49086010188593515 
0.9862705110123595  0.4921594139925006  
0.9710027757829621  0.48785089452061525 
0.979561068496014   0.4881515288244796  
0.9833252042000187  0.4889544659800765  
0.9750657772849848  0.488425982805802   
0.9588339113337193  0.4872913573094954  
0.9655425108167184  0.48704407379181236 
0.9724752913946486  0.4872743227518631  
0.9696940795180663  0.48617112549986413 
0.9698389577031101  0.4906910176205721  
0.9761232429146347  0.49279595674770915 
0.9709779603494657  0.4915826479922923  
0.9744739660482968  0.4891781350941815  
0.9546144980480906  0.4898400287667664  
0.9791968632399534  0.4893578555564038  
0.9685454494949792  0.4866510950032891  
0.9606531686584338  0.4854744679999833  
0.9710382358210959  0.49131346095218037 
0.9806851174167287  0.4895101736596122  
0.9803294930405909  0.4868910224216212  
0.9717072566824154  0.48931382202134266 
0.9670363724857872  0.49213957852360707 
0.9769439447263903  0.48868976510564754 
0.9660024010672676  0.4898204892765018  
0.969004410166911   0.49213607859561226 
0.9300125638472984  0.48955393298897115 
0.9783122606690636  0.4911380659843744  
0.9676581319305758  0.48736993648100246 
0.9707451492874986  0.4912371862846715  
0.9839538103355716  0.49138147800196386 
0.9722375873727225  0.48935035724876425 
0.9708813355678372  0.4899802283934521  
0.9677765173522218  0.4877340830865331  
0.971872770512348   0.48891119709920133 
0.9642222566303752  0.4889155693576795  
0.986789749003723   0.4917563890385565  
0.9751958691158071  0.4911719417463617  
0.9743823625188089  0.49129798754361476 
0.9646894095383076  0.48922119021766824 
0.9842382485701591  0.49162413170403374 
0.9824868017816627  0.4897484155964875  
0.9797042235757908  0.4908528187331308  
0.9840571835148946  0.4915898952816152  
0.9744115069055745  0.49002494060124946 
0.9758332167049026  0.4911987523455317  
0.9769410800632087  0.48979975088619077 
0.9775385473404009  0.49057519414527195 
0.97551902129455    0.49166526011513234 
0.977142298497583   0.4926893919494043  
0.9800860520111557  0.4903938648028469  
0.9726299812623197  0.49009882148404865 
0.9684325069905686  0.49354330209846464 
0.9846960163857513  0.4930194577371412  
0.9669254723305498  0.49133548529406007 
0.9758368761590317  0.4897929245424506  
0.9870078626163281  0.491899771055615   
0.9784433728044772  0.491122689425235   
0.9433638381842698  0.48814541371139886 
0.9797130848729957  0.49048612376014883 
0.9705298783357068  0.4870725830478278  
0.9764414074090012  0.49026401921211626 
0.9719996500431519  0.48867082126094824 
0.9708342756697385  0.4903023805917861  
0.986353235894139   0.49497864428877314 
0.9480705385538012  0.48947111023995415 
0.981888168061619   0.49170400275274334 
0.9837226699680887  0.4906727983079082  
0.9764770687754397  0.4894312973129463  
0.9628973763221074  0.49531889480164937 
0.9667993598259987  0.49147509201467743 
0.9651586885502487  0.4896903993429781  
0.9732164116708832  0.4902871448721871  
0.9737726533467321  0.49037513014071216 
0.9749096016664667  0.4880595642876556  
0.9755914880914306  0.49005063754013184 
0.9804298812774851  0.4874441092966663  
0.9761620288055554  0.49187230973418933 
0.9686654088754653  0.49076460978936853 
0.9691729351806554  0.4913531161147958  
0.9736230594945292  0.4851493994715489  
0.9792655425910372  0.4901961197411171  
0.9728281049944177  0.49057463103783405 
0.9761915951592595  0.492082574741533   
0.9754309735334756  0.4920966429530502  
0.9845965215943766  0.489511514967295   
0.9708997846643609  0.49032210365397355 
0.9780310261728732  0.49492947607094023 
0.9801295162879512  0.49154062146024385 
0.9870089387478919  0.49256758548719104 
0.9780928785122689  0.4905020833895558  
0.9626426925033142  0.49045483988206623 
0.9374288165269056  0.4927561069258224  
0.9780822943880209  0.4878832818870267  
0.9774179705483304  0.489444839579907   
0.9710700936178225  0.48888125539083893 
0.9773610554634738  0.48813107094897296 
0.9733339396443246  0.49136586340532246 
0.9727092405467205  0.4879789747082601  
0.9744478443750286  0.488195576840006   
0.9741724954339853  0.48855810953255147 
0.9729748460489369  0.4866240469849689  
0.9707506483763242  0.48993046517035055 
0.9613930946598118  0.4909547691451835  
0.9443811070307125  0.48770127980169464 
0.9678018799616862  0.4850046634125902  
0.9777116345930122  0.4891974395828767  
0.9733009742991054  0.48852821947336483 
0.9841490625882409  0.49060111885120306 
0.9575195500709706  0.48818827206674975 
0.9801395369964363  0.4872798951655935  
0.9813594628696074  0.48961453665115184 
0.986067791933588   0.4909563244638963  
0.9319904767393564  0.4930497424865176  
0.9813228935035583  0.48891364646510926 
0.9756912903273899  0.48826494166653855 
0.976913402014768   0.4888348565635277  
0.9559187482651628  0.4981231960685853  
0.9736352029738585  0.4889180148491089  
0.9799218266403922  0.49148304911232976 
0.9779629281606762  0.49124993483412827 
0.9771101384982002  0.48982337861412906 
0.9636250019521583  0.4899311353314224  
0.9745392619560156  0.49227458293131565 
0.9774210525849072  0.4895384814724728  
0.9720537126406612  0.4866154017220914  
0.9804182328053134  0.4893960435964152  
0.9738069131647945  0.4901840180254753  
0.9595421451435686  0.48544279863791207 
0.9752598066352678  0.4895148575312405  
0.9788239264149231  0.49033396883580677 
0.9859637881515037  0.49320824736242624 
0.9478471084112984  0.4912229589866949  
0.9880779396254343  0.4931319291004624  
0.9752536801092703  0.48961154778500904 
0.9813436514835236  0.4905246241579316  
0.9710501373072828  0.48713371755896784 
0.9843536384098704  0.4893032034626226  
0.9671966920698949  0.4878078272783487  
0.9715214804751566  0.4841211248049634  
0.9344183499715658  0.4921113834243345  
0.9776247656371492  0.48746300150106203 
0.9679426302359299  0.4892713021243801  
0.9767902149922035  0.4896520173024654  
0.9873306785658903  0.4925957329615842  
0.9687042505514962  0.4905501883011787  
0.9700476665631784  0.49108046766079194 
0.9699284171000722  0.4905477915639243  
0.9797956928965118  0.4901937621716945  
0.967995391389653   0.49097906341631786 
0.9610157347591509  0.4899165610757411  
0.9772791800192278  0.48873719180803    
0.9734356125217282  0.49463260156458067 
0.9766788932261681  0.49104727867314174 
0.9687593522003385  0.49420698873720575 
0.9763372963349334  0.4918901411702242  
0.9774148020827749  0.4895340747939324  
0.9659970903535422  0.49219260316004826 
0.9694668346677353  0.4920013591939575  
0.9760339205469898  0.4893016584170951  
0.9750653857678793  0.4896907329770502  
0.9920583807869924  0.4954767750108286  
0.9764009671252871  0.49042411419437804 
0.9644596225866422  0.48970917188459107 
0.9748056450030587  0.4889758749716259  
0.9812437206816801  0.49272639304667337 
0.9697165882435189  0.4920057858717872  
0.9798100959575432  0.4918870775227271  
0.9788162226733557  0.49243734395718236 
0.9746173689222373  0.49038881441297544 
0.9620313251657988  0.4894790760436459  
0.9856794779530819  0.49145092082205244 
0.9760102132614301  0.48853085713809996 
0.9870501579879153  0.4907492585879386  
0.9646825538057641  0.4905843023119631  
0.9742800087331512  0.49131806287512947 
0.9785946056333147  0.49237128514429457 
0.9708726500424552  0.49015844674285036 
0.9722907778894291  0.4888860257288445  
0.9725914278486599  0.4896114786186775  
0.9653544278527896  0.4858209561780649  
0.9537820340701187  0.49389590964753594 
0.9834806631135173  0.4914245946230099  
0.9729039380364686  0.48922780210762234 
0.9822297638133891  0.48783072206814554 
0.9793111421481733  0.48902918801605405 
