a                        b                        
1.5005845966845204       -0.9998676143779732      
1.5004403987123935       -1.0003920775511632      
1.4997836401568374       -1.0003982802293245      
1.5001776419772856       -0.9999893651997632      
1.500257795707748        -1.0002412271725492      
1.4999020710041022       -1.000636717007918       
1.5003827836613082       -0.9998206817285453      
1.499794068673865        -1.000583998616711       
1.500396996540482        -1.0000256401484107      
1.4998690317570562       -1.0005535654421285      
1.5004698983172744       -0.9999723244134824      
1.5003436801988628       -1.0000716308875226      
1.5001847232620433       -1.0003464601274958      
1.4999315469156742       -1.000127001620407       
1.5004887030371268       -0.9999342520590192      
1.5004078764815276       -0.9999852788329561      
1.5002668088644404       -1.0000920485327316      
1.499449986196427        -1.0005589515967594      
1.499627196684845        -1.0005236730684206      
1.500310801237603        -1.0000103382972916      
1.5007005116382939       -0.9996496616032832      
1.5002288657954774       -1.0001360586140806      
1.4992581597517862       -1.001033030814812       
1.4996087291920372       -1.0005826306616783      
1.5002900524728906       -1.0001758871108621      
1.5005686714846764       -1.0000138957089708      
1.4998273059635863       -1.0004169273382961      
1.4997286034341946       -1.0006995016635971      
1.499952306720448        -1.000463468347911       
1.4997010281344743       -1.0004428053502223      
1.5000240432059393       -1.0003249514252728      
1.5003175812107126       -0.9998916650269319      
1.4999194863796361       -0.9997558483695204      
1.4998251313629216       -1.0005659809284404      
1.4998230223812397       -1.0002389131734797      
1.5001410054722744       -1.0004135439368167      
1.5005913187631748       -0.9999802525538485      
1.50031667326558         -1.0000888808246025      
1.5005372598310804       -1.0001385776479494      
1.5002013166611525       -1.0001497099113963      
1.5002652476493648       -1.000124018683582       
1.500305620130484        -1.0001143831332413      
1.5002129348543694       -1.0002927715324144      
1.5002282862482847       -1.000086099468321       
1.4996017615398325       -1.0005222362919755      
1.4999416740957983       -1.0004360426204795      
1.499552762653251        -1.0005837599756475      
1.4997101827283452       -1.0007354998403484      
1.4999553829852608       -1.0005757099161305      
1.5005086666674174       -1.0000786452280366      
1.499766592358435        -1.000281865829261       
1.5004174527395195       -1.0003678993668252      
1.4998470030365434       -0.999968908700288       
1.5004202884120896       -0.9998565306148323      
1.4994604935807823       -1.000995733307648       
1.5000125527267878       -1.0003351123386743      
1.4995932361400022       -1.0007587554571946      
1.5003855736709981       -0.9999266371251051      
1.4998951079847076       -1.0003723292390032      
1.5000683537794703       -1.0001080694874318      
1.4994626077530173       -1.000484531866373       
1.5013627903384703       -0.9995488008195154      
1.4996674686083444       -1.0004093272057617      
1.500666874794554        -0.9998628343081151      
1.4998287104269432       -1.0006031453889512      
1.5004800522148387       -1.0001613871042614      
1.4998281094920738       -1.0003618825697982      
1.4996929774805634       -1.0005652198456019      
1.500128440604161        -1.0003148960771355      
1.4999601867227998       -1.0004774469304707      
1.5003636417557726       -1.0001367780868908      
1.50016117448816         -1.000297951982358       
1.4998945978918221       -1.0003367521381683      
1.4997403150782047       -1.000489681842927       
1.5001721759766622       -1.000127112153523       
1.500501985078905        -0.9996878621441849      
1.4993482277554304       -1.0006019727676658      
1.499992488395721        -1.0001067095778375      
1.5000593723585625       -1.0004405103836598      
1.5002152408889697       -0.9998640140227568      
1.5003078544396182       -0.9999981125573859      
1.4996185251718972       -1.0005028858130809      
1.4994426231202052       -1.0009707906021432      
1.4993849356402433       -1.0009794476739544      
1.500198236980635        -1.0001005197145985      
1.4998397789831999       -1.000351406700693       
1.5002316356776124       -1.0003890944534535      
1.5001193107111508       -1.0003059153027014      
1.4993963185474002       -1.0006718513913266      
1.5000079582389851       -1.0002215274491029      
1.5000597251779195       -1.0000831812423003      
1.4995669054247904       -1.0005324723081137      
1.5001970949227441       -1.0002228313885295      
1.50017784731476         -1.0002555206658386      
1.5002938366788796       -1.000398676647694       
1.500327513856629        -1.000177105184131       
1.5003901128046355       -1.0002240808456904      
1.5001562730346634       -1.0001960410633657      
1.5002560750613687       -1.00014420751305        
1.499740667167165        -1.0007763675977794      
