a,b,ONBOUND,chi2
1.4770572815184848,-0.9990086695217228,False,0.154
1.47563296034628,-0.9980739945478241,False,0.149
1.4837189724336772,-0.9973800931458329,False,0.220
1.4746810923385683,-0.9987321179661269,False,0.148
1.473379316323263,-0.9991708221342954,False,0.092
1.4749655662315138,-0.99942088366525,False,0.131
1.4671186935780607,-0.9973573439872846,False,0.183
1.4807538548636077,-0.9954355662722297,False,0.231
1.4661405962653964,-0.9946304491035145,False,0.214
1.4910402034492118,-0.9992334105655583,False,0.130
1.4601308603226701,-0.9995403772049769,False,0.185
1.4706939551440368,-1.0004594651180319,False,0.132
1.4812701505681165,-0.9981762231178722,False,0.155
1.4665915432516738,-0.9980042759254788,False,0.209
1.4836339427124858,-1.0013255609859435,False,0.152
1.469052991871401,-0.9993979678963658,False,0.168
1.4755408143337476,-0.9991907751691042,False,0.151
1.4707396473582537,-0.9969920450554914,False,0.175
1.4685602521536236,-0.9996756994690804,False,0.142
1.4702097852433555,-0.9991014675622996,False,0.168
1.4732562311714583,-0.9973117786235813,False,0.180
1.4722862743719063,-1.000763877720915,False,0.167
1.4763483143395082,-1.0003561673128492,False,0.165
1.473944460802301,-0.9964412097653464,False,0.138
1.4833474998350953,-0.9979632410151674,False,0.274
1.465079861336426,-1.0013037126838467,False,0.112
1.4727491575932636,-0.9970592963610717,False,0.174
1.4772214858005985,-0.9974757206961068,False,0.223
1.4714067290891168,-0.9939168852930359,False,0.274
1.4660997752047287,-0.996107716417632,False,0.256
1.468923309030217,-0.9980941990794032,False,0.151
1.4759399183226083,-0.998638585163133,False,0.165
1.465906737320776,-1.000679746216547,False,0.100
1.4732217700149508,-0.9987275645727265,False,0.193
1.4537664368889034,-0.9982754840144974,False,0.271
1.4812606315426917,-0.9969512356876815,False,0.207
1.4815992261259394,-0.9984971836109676,False,0.177
1.469349984546899,-0.9975988677053715,False,0.131
1.4848628292811923,-0.9988591954056676,False,0.096
1.458342219197159,-0.996771247957199,False,0.199
1.469622138697682,-0.9958639562402066,False,0.182
1.4817190151048496,-0.9971536193945328,False,0.222
1.4829514584472863,-0.9995790523008189,False,0.129
1.4489760093637654,-0.9972195449885944,False,0.231
1.4690260371070316,-0.9992284236317314,False,0.142
1.4815897561016764,-0.9994891591285535,False,0.135
1.4704377065619862,-0.9970516539247863,False,0.167
1.4555553496481446,-0.9984151381631133,False,0.191
1.4606013528875366,-0.9968822065275613,False,0.200
1.459652783060058,-0.9991028890015021,False,0.181
1.4628283907739719,-1.0004932644999036,False,0.176
1.476335715283435,-0.9971280880362859,False,0.149
1.4766147937997005,-1.0007372762623674,False,0.152
1.4703151513820067,-0.9947685607393437,False,0.282
1.4747701664624147,-1.0016142716262186,False,0.132
1.4854042512810794,-1.0017875511291008,False,0.164
1.4814343052853811,-0.996053642863662,False,0.164
1.4711533506325354,-0.9988892065098386,False,0.131
1.4696163133829665,-1.0009231755661612,False,0.130
1.466282580837443,-0.9989914643153563,False,0.160
1.4820969307277905,-0.997660914310716,False,0.185
1.4810228150466218,-0.997659772388061,False,0.221
1.4671488796755718,-0.9966062827611828,False,0.191
1.4725559674287116,-1.0031100261110335,False,0.145
1.4791171961446596,-0.9950761874094676,False,0.200
1.4768172865414326,-0.9965872413664162,False,0.171
1.4658439990530139,-1.0000785227559235,False,0.138
1.4716663845507987,-0.9962976078281799,False,0.178
1.4949502934625274,-0.999003210652202,False,0.159
1.4741504431892778,-1.0002078063615605,False,0.170
1.4706861706528556,-0.9990888762889422,False,0.141
1.4566535797396614,-0.998657353928453,False,0.317
1.4741030714618115,-0.9982614855397465,False,0.145
1.4724767499222597,-1.002431547002197,False,0.176
1.4726575257066152,-1.000670318140692,False,0.162
1.4794342967303353,-0.9973668493885368,False,0.118
1.482631345109819,-1.0014307461069143,False,0.088
1.4645228234211076,-0.9983622208753822,False,0.116
1.4676392768568807,-1.0004727163541294,False,0.138
1.4591750337923608,-0.9962291387419518,False,0.171
1.4787382508437967,-0.9985690893641146,False,0.138
1.4836210456180992,-0.997220327293956,False,0.152
1.471159897283729,-0.9964507655989054,False,0.207
1.4685092742074062,-0.9968748020349525,False,0.146
1.4683067439152568,-0.9966106874778433,False,0.194
1.4809993451236279,-0.9966434425425333,False,0.132
1.4815948413903388,-0.99868906607667,False,0.108
1.4639921141418424,-0.9993349864478318,False,0.227
1.4853898289717837,-0.998757607769465,False,0.224
1.4730169091844454,-1.0018924757735135,False,0.169
1.488334546169487,-0.9985930488453765,False,0.195
1.4699492172237343,-0.9990081322489441,False,0.168
1.479053117871456,-0.9992684155031336,False,0.168
1.4693704501174094,-0.9993398199457649,False,0.152
1.4745005443336625,-0.9955535318469705,False,0.161
1.47627853764852,-1.0000024187356547,False,0.155
1.4657047974718047,-1.000734589030507,False,0.149
1.4861106116578124,-0.9973766883799824,False,0.194
1.4806652872901653,-0.9992773972834949,False,0.130
1.4725917351392552,-0.9984583122301,False,0.146
