a,b,ONBOUND,chi2
1.4826590418816652,-1.0038907837451514,False,0.830
1.9004652170907403,-1.018802702377548,True,1.885
1.5024037377922639,-1.002068459531656,False,1.098
1.4736963320803633,-1.00265866793722,False,0.828
1.4756499792716755,-1.0025667699487792,False,0.507
1.9004652170907403,-1.0484938641043466,True,4.066
1.475865872884811,-1.0034337620717908,False,1.127
1.9206948648426807,-1.0395043465956713,True,3.163
1.4715467127181412,-0.999816872953987,False,0.951
1.9004652170907403,-1.042565643788828,True,3.618
1.466876525879826,-1.0064110177543393,False,0.914
1.4176134548731372,-1.1641891803882258,True,2.385
1.4801642297986684,-1.0028493450260605,False,0.922
1.9004652170907403,-1.0512719063183154,True,2.450
1.9004652170907403,-1.0298324577701141,True,1.475
1.9004652170907403,-1.04741269487192,True,2.987
1.9206948648426807,-1.0426755018485716,True,3.069
1.9206948648426807,-1.0573357939700592,True,3.251
1.5013732601661076,-1.1909960529726156,True,5.142
1.9206948648426807,-1.0143662472405743,True,1.351
1.4807383456129064,-1.0019206681840431,False,0.963
1.4723903519789134,-1.0048407800866739,False,0.696
1.4762265086310677,-1.0037986617554062,False,0.697
1.9206948648426807,-1.0241777860171275,True,2.081
1.4776687054081095,-1.0026063322440946,False,1.315
1.9206948648426807,-1.1933242783945655,True,0.975
1.4789310120715644,-1.0029909693580832,False,0.731
1.488276167631045,-1.0074875936956817,False,0.956
1.9206948648426807,-1.0395043659421896,True,2.117
1.4856254458603364,-1.0010702177284359,False,0.866
1.9206948648426807,-1.023774006579028,True,2.144
1.4802886557816894,-1.0049900995449936,False,0.649
1.0015891952241704,-1.1691727452794587,True,2.197
1.4803768643457553,-1.0051584944340564,False,0.698
1.4660876434906358,-1.0071576988477282,False,0.850
1.4847776185985393,-1.0026792911568712,False,0.813
1.5251978037482652,-1.1933242783945655,True,7.085
1.4686077462084395,-1.0010268010443517,False,0.778
1.487684337882467,-1.0031496894632863,False,0.592
1.4745045303942346,-1.0001796588487175,False,0.811
1.4762595295060397,-1.0009873699809682,False,1.058
1.9004652170907403,-1.0225753047127122,True,2.739
1.9004652170907403,-1.0416970849084708,True,3.159
1.7807087221727267,-1.0176309939750643,True,4.293
1.9206948648426807,-1.059434127188493,True,2.378
1.4841169653321897,-1.0034071557136623,False,0.777
1.9206948648426807,-1.0520141721027643,True,3.167
1.4654995799690822,-1.0064349391080758,False,0.652
1.4733254316957345,-1.0024858083617298,False,0.981
1.9206948648426807,-1.0238472802493617,True,2.085
1.9004652170907403,-1.04123038053441,True,1.791
1.4878475109799563,-1.0021837885511986,False,0.741
1.9206948648426807,-1.0292964344717679,True,2.516
1.9206948648426807,-1.0439540736762498,True,2.189
1.9206948648426807,-1.0529575916382843,True,2.234
1.9004652170907403,-1.0717787024571586,True,3.105
1.9206948648426807,-1.0529587864917467,True,2.797
1.4679411573508314,-1.0036897597477183,False,0.528
1.47581712472512,-1.0042210177597484,False,0.449
1.9206948648426807,-1.0261284126193468,True,2.555
1.4786967634021022,-1.0030854337102673,False,0.869
1.790896130321988,-1.0237518038613456,True,4.091
1.587635264467113,-1.1933242783945655,True,8.818
1.4704515561176257,-1.0078025173953844,False,0.585
1.9004652170907403,-1.0459503929822287,True,3.429
1.4869765635567491,-0.9979157884289056,False,0.507
1.4727143130957585,-1.0035183060367832,False,0.613
1.4818639085762613,-1.1909960529726156,True,6.622
1.9004652170907403,-1.0446985289993806,True,2.844
1.4773345588138955,-1.0054830240086228,False,0.676
1.9206948648426807,-1.0127177243608099,True,1.811
1.4926525978786291,-1.0070501080896306,False,0.923
1.479204261694095,-1.0027857418114272,False,0.824
1.4718710780246238,-1.0050877699835024,False,0.684
1.4665654970579585,-1.0048721068514253,False,0.830
1.9206948648426807,-1.046499195585276,True,2.670
1.9004652170907403,-1.0513617270821427,True,3.579
1.9206948648426807,-1.0388855338111915,True,1.726
1.9206948648426807,-1.1933242783945655,True,1.205
1.463737547397886,-1.0002078500054556,False,0.807
1.4838219958509713,-1.0020887778622467,False,0.823
1.9206948648426807,-1.0452531218876475,True,2.702
1.4703112427742353,-0.9989251794047037,False,0.873
1.4668246846798727,-0.9991956064222799,False,0.850
1.465512233631842,-1.0015853049314214,False,0.952
1.9206948648426807,-1.0447093835995724,True,2.804
1.9206948648426807,-1.0698414445106348,True,3.532
1.4667573590553495,-1.004968191626434,False,0.668
1.469513835621417,-1.001486294834559,False,0.925
1.473517834880391,-1.0040072909348894,False,0.577
1.9206948648426807,-1.0505252475933962,True,2.690
1.9206948648426807,-1.0341416001316268,True,2.096
1.9206948648426807,-1.0244463033491311,True,2.360
1.4761702419661709,-1.0018730512540908,False,0.792
1.9206948648426807,-1.0401473651463404,True,2.478
1.9206948648426807,-1.0341457410935397,True,2.887
1.4651581269924645,-1.0023872133461336,False,0.628
1.9206948648426807,-1.0531994121507533,True,2.997
1.9206948648426807,-1.0245546220490467,True,2.122
1.9206948648426807,-1.0390380112420634,True,2.183
