1
9
0
13
2
6
8
11
12
14
4
5
10
7
3
16
15
17
18
19
20
21
23
22
24
25
26
27
29
28
30
31
32
33
34
35
36
37
39
38
40
41
42
43
44
46
45
47
48
50
49
51
52
53
54
55
56
58
57
59
61
60
62
64
63
65
67
66
68
69
70
71
72
73
74
75
76
77
78
80
79
81
82
83
85
84
87
86
88
89
90
91
92
93
95
94
97
96
98
99
100
102
101
104
103
106
105
108
109
107
110
111
112
113
115
114
116
117
118
119
120
121
122
125
123
124
127
128
126
129
130
132
131
135
134
137
133
136
139
141
138
140
143
142
145
146
144
147
148
150
149
152
151
153
155
154
156
158
157
161
160
159
162
163
164
166
167
165
168
169
171
172
170
173
175
174
176
177
178
179
180
181
182
183
184
185
186
187
188
189
190
191
192
193
195
194
196
197
200
199
198
203
201
204
202
206
205
207
208
209
210
213
211
214
212
217
218
216
215
219
222
221
220
223
224
225
226
227
229
228
230
231
232
233
235
237
236
234
239
238
240
241
244
245
242
243
246
248
249
247
251
253
252
250
254
257
255
256
258
260
259
261
262
263
264
265
266
267
268
269
270
272
271
273
274
275
277
278
279
276
280
281
284
285
282
283
286
288
289
287
291
290
293
292
295
294
299
297
296
298
301
302
303
300
304
307
305
306
308
309
310
311
312
313
314
316
315
317
318
320
319
321
322
323
325
324
326
328
327
331
329
330
332
333
334
335
336
338
339
337
340
341
343
344
347
345
346
348
342
349
351
350
354
353
355
356
357
352
359
358
362
361
363
360
364
368
366
365
367
369
371
370
372
373
374
375
376
378
377
381
379
383
382
384
380
388
387
389
386
391
385
390
393
392
396
394
395
397
402
398
399
401
400
406
405
404
407
403
410
409
408
414
411
412
415
416
417
418
413
419
421
420
422
423
424
427
425
426
429
433
430
432
434
428
431
435
438
436
443
442
440
445
444
441
439
437
446
448
447
451
450
455
453
456
457
452
454
449
458
462
459
463
461
460
464
468
466
467
465
469
470
471
475
474
473
478
479
477
476
472
484
482
480
483
481
485
486
489
487
491
490
488
493
496
492
494
497
495
502
499
501
500
498
503
508
507
504
506
505
512
513
509
511
516
514
510
519
515
517
518
523
520
522
521
525
524
526
528
530
532
527
529
531
534
533
538
537
536
535
541
539
542
540
543
546
545
549
547
544
548
550
551
553
552
555
556
554
558
559
561
557
560
566
562
564
563
565
567
569
568
572
570
571
575
573
576
574
578
580
577
579
585
586
582
581
584
590
583
588
587
589
592
591
596
597
593
594
599
598
595
601
600
602
603
605
607
604
606
608
609
610
612
614
611
613
615
618
616
619
620
621
617
625
623
622
627
624
628
630
626
629
631
632
634
633
636
635
638
637
641
639
640
643
642
644
645
648
646
649
647
650
653
654
651
652
655
657
658
661
656
659
660
662
664
666
663
665
667
668
669
670
671
673
672
674
676
675
677
681
682
679
680
684
678
685
683
687
686
688
689
690
691
693
695
692
698
694
696
697
699
701
700
702
704
705
703
708
710
706
709
711
707
712
713
715
716
714
719
717
720
721
723
718
725
724
722
727
729
728
726
731
730
732
738
734
735
733
737
736
742
740
741
743
739
744
745
748
746
747
750
749
752
754
751
753
755
759
757
756
760
758
763
761
762
764
765
766
767
768
769
771
772
770
773
775
774
776
777
779
778
780
784
785
786
787
781
790
782
789
788
791
793
796
792
795
783
797
798
794
799
801
802
803
805
807
804
806
800
810
812
813
809
816
808
811
814
819
821
818
817
815
823
824
820
825
829
822
826
830
831
828
834
827
833
835
832
837
838
836
839
844
840
842
841
843
845
849
846
847
848
851
853
850
852
854
856
855
858
857
861
859
860
862
864
868
863
865
867
869
866
872
873
871
876
870
874
879
878
875
877
882
883
880
886
888
881
884
885
890
887
891
893
892
889
896
897
894
898
901
895
900
903
899
904
906
907
902
908
905
912
913
910
909
915
914
916
911
917
918
921
920
919
925
926
923
928
929
924
927
930
922
933
934
931
935
932
939
938
937
940
944
942
943
936
941
946
950
947
948
945
951
949
954
953
958
955
960
959
956
961
962
952
964
957
963
966
965
968
967
969
972
970
973
976
975
974
971
977
978
979
980
981
985
983
982
988
986
989
993
987
984
996
991
992
994
998
997
995
990
999
