a                        b                        
1.5072213991980787       -1.004499480187214       
1.508443593565404        -1.0045766797711546      
1.5091289483226236       -1.0048324231358805      
1.5076483548027064       -1.0046287576543655      
1.5061070038769555       -1.0044038131771857      
1.5079891690914649       -1.004553968954094       
1.5059084278407          -1.0040713938604255      
1.5053731784556923       -1.0037487451278417      
1.5091940977951737       -1.0051129460332944      
1.0507778335171718       -0.800628288233129       
1.5086972858643628       -1.0052669640132637      
1.5102084118497339       -1.0051452534069678      
1.5088216734204871       -1.004332158915524       
1.0507778335171718       -0.8022425773698185      
1.5065274190757665       -1.004409728886279       
1.5071336628063072       -1.004580475971613       
1.5040719583453386       -1.0036053945797088      
1.5088920029662232       -1.0047453902726726      
1.927655721277736        -1.1896283105133973      
1.5073608763745858       -1.0043038728956952      
1.506998361278754        -1.004248187679407       
1.506989910301148        -1.0049754698121636      
1.5071017147412469       -1.0041287883644443      
1.5047042992992214       -1.0032913584175325      
1.5065543704283682       -1.0043897184803356      
1.5091326940933532       -1.0056256411779831      
1.5087683796284115       -1.004698035202354       
1.5084403978613958       -1.0048961955136184      
1.5089733006872899       -1.004701809307219       
1.0507778335171718       -0.8022425773698185      
1.506612415080347        -1.0042073020031255      
1.5105091810754199       -1.0053269282938737      
1.0507778335171718       -0.800628288233129       
1.5091479405334138       -1.0052510810938085      
1.5082852244357097       -1.0042771533857902      
1.5083233302309513       -1.0043708682199446      
1.9216252636074538       -1.1914121121656798      
1.5051071582775832       -1.0040573162725408      
1.5042618057037311       -1.0034500986900199      
1.5087697769082795       -1.005132016195828       
1.5084078909665366       -1.0044828856309669      
1.509167254706091        -1.0049995010190955      
1.5067972313663078       -1.0047897705141968      
1.5080009687061733       -1.0045884217054113      
1.5100564250583377       -1.0055421633742656      
1.5074631281300397       -1.0047033852327372      
1.5067597030865714       -1.0045436166186         
1.5110340481200863       -1.005494282062459       
1.5082991421825587       -1.0045859217669533      
1.0507778335171718       -0.800628288233129       
1.5078538099815215       -1.0051235413970627      
1.5056871692609402       -1.0041852517006118      
1.5086437576846772       -1.0045409457681658      
1.5071581815258712       -1.0046475764971168      
1.5081413716689405       -1.0046459281955717      
1.5077141434711954       -1.0046276465629693      
1.5059072393093202       -1.0038749178960582      
1.506855433436779        -1.0043055303433104      
1.927655721277736        -1.1896283105133973      
1.508765862521964        -1.0047114175938026      
1.5052252210584947       -1.0038347390664668      
1.5081856764514712       -1.0048678131939397      
1.5066590893423548       -1.0043037565409005      
1.5064893137526523       -1.0044256725311673      
1.5059384422465554       -1.0042851925605327      
1.50634510249822         -1.004424064739817       
1.5050906421530295       -1.003962962394147       
1.505286545219529        -1.0028938087535553      
1.5058377389841064       -1.0040747228320972      
1.5083310521553819       -1.0051180724651159      
1.5075284267877371       -1.0048212774523138      
1.5086976930277403       -1.0048642053255536      
1.505133765789006        -1.0040480521166695      
1.5085056041791975       -1.0051547157764475      
1.5060749977625918       -1.0043825507239676      
1.5071504735232262       -1.004321437546801       
1.5093362887152584       -1.0050870441611681      
1.9216252636074538       -1.1914121121656798      
1.5082610147981401       -1.0046643187185396      
1.5043063721552703       -1.0035489365811459      
1.5075973880284925       -1.0045518790154775      
1.927655721277736        -1.1824598107802755      
1.5068857373588047       -1.0040995502718133      
1.5047378498891812       -1.0036189958142703      
1.507178121392148        -1.0040560558365683      
1.0507778335171718       -0.8034578420846367      
1.5055057071799365       -1.0039678336625562      
1.506893575514253        -1.0042165175045787      
1.508007566214078        -1.0045406549185505      
1.5068960133724818       -1.004579384033469       
1.5074110480142149       -1.0047598481365112      
1.5084488667699594       -1.0044466876206475      
1.5050919631987503       -1.0039644261477372      
1.5074744757105967       -1.0049618776098865      
1.5069994713956534       -1.0038682807357542      
1.5074649453164515       -1.004856292958127       
1.5092783523919284       -1.005377710723717       
1.5067731264896802       -1.0043757771872768      
1.5072308684370912       -1.0043950676943496      
1.503532946497945        -1.0027821027369166      
