a                        b                        
1.500449661139807        -0.9997728987024348      
1.5002723114727303       -1.0002935462112827      
1.499709186642993        -1.000216065184373       
1.5002461063280725       -1.0000149186319667      
1.5002843530911223       -1.0001988970900275      
1.4998697629606987       -1.0004941646866585      
1.5003980291137309       -0.9996842438931686      
1.4997044205641883       -1.0004791921460916      
1.5003854859241734       -0.999892659358184       
1.4996245350196367       -1.0005436218803612      
1.5004412473444881       -0.9998106330526212      
1.5004274267317892       -0.9999589079078884      
1.5000123146223847       -1.0002414604557615      
1.499814454133496        -1.0000430033095604      
1.5003903503605291       -0.9998336321008547      
1.5003588771288798       -0.9999378372041045      
1.500210553614184        -1.0000087606673846      
1.4995098650511642       -1.0003858024809358      
1.4995873564075848       -1.0002521494271985      
1.500205995631563        -0.9999265372754187      
1.5008383957282079       -0.9995947569503508      
1.5001444254561638       -1.0000663307849995      
1.4991400836633522       -1.0009835515883967      
1.4994609816186535       -1.0004912027234825      
1.5001228455388913       -1.0000270639556055      
1.5005062239543063       -0.9998896099020824      
1.4997993273625623       -1.0003260187965424      
1.4997057180806248       -1.0006565967751504      
1.49987859480987         -1.0002768638167456      
1.499662943978514        -1.0003174789200406      
1.4998909032883239       -1.0002062531795546      
1.0464504127199978       -0.8052452253597931      
1.5000366473744733       -0.9997981524131679      
1.499672038554254        -1.000561730714147       
1.499801361119626        -1.0000601417958184      
1.5000156385744998       -1.0002762062240957      
1.5003874808877402       -1.0000270474237956      
1.500167108873969        -0.9999881218248255      
1.5002861624475092       -1.000129963722425       
1.5002848687401933       -1.0001322630363285      
1.5002733751991257       -0.9999937120377186      
1.500220939771613        -1.0000081661144502      
1.5003231284528422       -1.0001554198763072      
1.5001044835497412       -1.000149158624287       
1.499521100461395        -1.0004253703239787      
1.4999892022892978       -1.0002693948125956      
1.4995433240394291       -1.0004880865158425      
1.4997940789493072       -1.0005065799182882      
1.4998191630113678       -1.0003478219047117      
1.5004097338209605       -0.9999045556980805      
1.4997394664892403       -1.0001708874306174      
1.5003552330413867       -1.0003301527756234      
1.4999514016114461       -1.0000004155953175      
1.500346406156249        -0.9997738294171659      
1.499595707545248        -1.000655677748896       
1.5000288546245875       -1.0001968757682804      
1.4994848980826994       -1.0007216091322588      
1.5004462591983114       -0.9998460898558077      
1.499944625620616        -1.000207779367685       
1.4999019112807177       -0.9999162244958493      
1.4993010653253531       -1.0003167983056278      
1.501130163901367        -0.9992539125057698      
1.4995717103252961       -1.0003316985002828      
1.5005161932855742       -0.9998000562229932      
1.499803795768335        -1.0005917650494427      
1.500561364065491        -1.000003157278303       
1.4997013161986572       -1.0002500729881563      
1.4995457707117577       -1.0004838097309305      
1.4999285352396938       -1.0002271480592646      
1.499900805759832        -1.0004221300802463      
1.500291020439106        -1.0000347633425812      
1.4998990889305148       -1.0002010596671003      
1.4998090245582152       -1.0002998871263051      
1.4996550686348376       -1.0003128979146396      
1.5001791266517788       -0.9999755928209826      
1.500364319939504        -0.9996914567769201      
1.4993201007315615       -1.0004771320827601      
1.5000002439467146       -1.0001860255620316      
1.4999846827574197       -1.0003927817486704      
1.5001726869490897       -0.9997816367235515      
1.5002412510055287       -0.9998482761334453      
1.4995913289603975       -1.0004224183436172      
1.4992551075009746       -1.0008586583907897      
1.4992852852172032       -1.0009491517920115      
1.5001648068733677       -0.9999588676091078      
1.4996990535406058       -1.0003070562440044      
1.5000752751144875       -1.0003599541989532      
1.4999885060451015       -1.0000991225189804      
1.4992722492267154       -1.0006186088534974      
1.4999534401895822       -1.0000819996154484      
1.5000480276508295       -1.0000225941833976      
1.4994222785240285       -1.00041160041688        
1.500066181471216        -0.9999856651813014      
1.500094831267101        -1.0000512319154502      
1.5000816663644139       -1.0001194279752057      
1.5003485940139427       -1.0000134112681258      
1.5004928496086856       -1.0000146035861253      
1.4999726807295781       -1.0000802928696162      
1.500170886504548        -1.000117661569407       
1.4994252937943071       -1.0006780021135284      
