a                        b                        
1.503567135029623        -1.0001261853774288      
1.507919890829684        -1.0018298938728745      
1.5035039101003054       -1.000862063778662       
1.500928615742339        -1.0004936689711095      
1.5010903242813785       -0.999330594529049       
1.5049699104429073       -1.0013058858597614      
1.5006579116684728       -1.0003808982776072      
1.5050521531234782       -1.000615975244993       
1.5049937394038977       -1.0009430515112165      
1.5032955127660286       -1.0008653945677781      
1.5048291508254839       -1.000082612226715       
1.5072908966168872       -1.000612848177613       
1.502541698488627        -1.0010318430192595      
1.5000359359197253       -0.9997142399087873      
1.5047751985296027       -1.0002741663010397      
1.5026515547738868       -1.0007700391713439      
1.498052515675901        -1.0003067988387266      
1.4999481130614596       -1.0008153275683065      
1.502815083569902        -1.0004891612841194      
1.505687651301819        -0.9999004226435378      
1.5069947739749705       -0.9998273652570501      
1.5045456362466958       -1.0011451792474075      
1.5035101192568099       -1.002087819899143       
1.5020426137419798       -1.0015169068680598      
1.5040096590461112       -1.0006545731561716      
1.5034828980066461       -1.0005014383064001      
1.5053250141930914       -1.0010840760803572      
1.5018567880380846       -1.0012101702740488      
1.500090063179525        -1.0001275571470545      
1.5049076797551877       -1.0012255652873143      
1.5046519605084823       -1.0010602483176254      
1.4997282344041047       -0.9999348311489878      
1.5036839365760022       -0.9996086410211757      
1.5028155052493541       -1.0012062450741361      
1.5022383187313548       -1.000782331669536       
1.5050290224600806       -1.001532623096381       
1.5029761995653643       -1.0010409255215769      
1.5029289967379362       -1.000861471417216       
1.5032674396646568       -1.0011172584426828      
1.5041625509641605       -1.0004816686233384      
1.5053899530046182       -1.0010441800390453      
1.5042314755408406       -1.0004487679264837      
1.5044806055278577       -1.0001166539073867      
1.5039447515313598       -1.00021817875096        
1.5026497957624845       -1.000371765142144       
1.505920019431515        -1.0006898757259988      
1.4993335781038808       -1.0004194586966937      
1.501918307140275        -1.0020537475345         
1.5061221452267384       -1.0018023412213797      
1.506000751847936        -1.0011465315931167      
1.501854604437422        -0.9998592396036545      
1.50324330739213         -1.0009188530288475      
1.502007321182347        -0.9997982606496726      
1.5032674247744788       -1.0002747970889865      
1.5009091579559857       -1.000779876268515       
1.5038646220698644       -1.0009892519747308      
1.5061137817898935       -1.0007680314281682      
1.50175864190795         -1.0007967603823782      
1.5048306230956772       -1.0006606324670972      
1.5020118899640316       -0.9995909768683153      
1.4997174018238533       -1.001065432209646       
1.5015571267791064       -0.9993086079298685      
1.4984259478622286       -1.0005288269703942      
1.5010872298186153       -1.0005263699024272      
1.5048879672455182       -1.000983757341713       
1.502172865290628        -1.000406836119802       
1.4996047528944705       -1.0005972716312008      
1.5061740862365707       -1.0012256203317498      
1.5029439581337551       -1.0014035120821188      
1.5027642362829738       -1.000652539716809       
1.5026565828102054       -1.0001353969517577      
1.502397924369552        -1.000381149495532       
1.4986433760748024       -1.0008480023324051      
1.5023278728523426       -1.0008966404045432      
1.5054988241776917       -1.000902187808696       
1.500353103665835        -0.9998947796170463      
1.5007283624757022       -1.0008709862155942      
1.5034007149293176       -1.000454133276192       
1.5030818707099984       -1.0013306719850195      
1.4990547598045885       -1.0008337454232163      
1.5010392485582793       -1.0000455759772775      
1.5058100559932655       -1.0011486488745476      
1.5021770682729134       -1.00101165299117        
1.5028776683279819       -1.0016658823609745      
1.5002681067780197       -0.999792438679068       
1.503011688035154        -1.0009670789580754      
1.505115038935966        -1.0007513341333052      
1.5047575019402468       -1.000863641239655       
1.5020434955093231       -1.0003036178285276      
1.502907513301124        -1.0008128792983004      
1.5034541313987746       -1.0007734354351951      
1.4988161535551443       -1.0008287351782303      
1.5032751521582346       -1.0007978308125338      
1.5024671119516138       -1.0012754923245375      
1.5038373500839508       -1.0017216722643734      
1.5015486066059156       -1.0003128471056408      
1.5063733593993511       -1.000636350963667       
1.503608245530878        -1.0003067250109272      
1.5029863868683584       -1.001197221305304       
1.502888944922131        -1.001478001078039       
