a                        b                        
1.507047884392804        -1.0043731359553876      
1.5087339191958788       -1.004613157984223       
1.5091418008261337       -1.0048372433990973      
1.5083338391287762       -1.0048289370802324      
1.5058004899882518       -1.0042510051095284      
1.5085543522274394       -1.0046790586236716      
1.5057772697713367       -1.0040253578303595      
1.505792788960331        -1.0038075319046484      
1.5094718790880177       -1.0051966078315662      
1.5076981082280554       -1.00467611890237        
1.509027562858994        -1.0053040776888753      
1.5103845986584037       -1.0051911301460623      
1.5098596010486938       -1.004612925274124       
1.5086185572672086       -1.0048468610442245      
1.5064845212414142       -1.0044320158833135      
1.5075534647253412       -1.0046914608643758      
1.5042875756507819       -1.003702122179971       
1.5091823771778303       -1.0048641351772747      
1.5046427779220235       -1.0033569833591143      
1.5075427699610078       -1.0043048887328592      
1.5069153320987738       -1.0042818417080246      
1.5067209313903036       -1.0047934462179655      
1.5073529145662483       -1.0040864241761922      
1.5052682707019263       -1.003466836974312       
1.5070423179390768       -1.00461664937095        
1.5095016824255962       -1.0055442569093198      
1.5091236095135139       -1.00475926902809        
1.508961759083081        -1.0049437252057731      
1.5091941858340683       -1.0047600602606837      
1.5086975560656728       -1.004518169745178       
1.5071006884370388       -1.0043500094920588      
1.510758471697445        -1.0055005038389369      
1.506316051250703        -1.0046438210083395      
1.5101000986137185       -1.0056012072697431      
1.5087667493558514       -1.0043917323034843      
1.5079345839883864       -1.004298896064669       
1.5036640500231173       -1.003205913398462       
1.5051704383442885       -1.0040468071834143      
1.5044039953101234       -1.0035064378578755      
1.5094055114627936       -1.0053115603820186      
1.5085356107360435       -1.0045728610713847      
1.5094125713968998       -1.00500185617543        
1.5068160104090709       -1.0047486343810552      
1.5081010828379748       -1.0045537493629595      
1.5105255238439232       -1.005655266412284       
1.5075588827158397       -1.004700990493056       
1.5064719665841615       -1.0044199483379743      
1.511028837318645        -1.0052822292228172      
1.508297625438899        -1.0044060660670553      
1.5065208966036763       -1.0038356739134495      
1.5073807876251906       -1.0049042049776966      
1.5060563917855894       -1.004212785435861       
1.508986461574919        -1.004676623043084       
1.5075820385045635       -1.0048326139963095      
1.508267566002894        -1.0046185318579335      
1.507877115052575        -1.0046295667158458      
1.5064001150230724       -1.0040419519989605      
1.5072422234399427       -1.0044380520073517      
1.5069046654714726       -1.0044763727874308      
1.5087036419798212       -1.0046123875954374      
1.5057615492164598       -1.0040610003702004      
1.5084328036630723       -1.0049102806641947      
1.5068328391041053       -1.0043423820666715      
1.5067410991257473       -1.0043973236693298      
1.5057049782896181       -1.0041996471038925      
1.506754689677583        -1.004505255021135       
1.5050710517463086       -1.0039195592989871      
1.5060063451722239       -1.003175863949506       
1.506149085691508        -1.004196527422046       
1.509350761426249        -1.005337771935172       
1.5078737416362227       -1.00488423691077        
1.5087012164333393       -1.0048042935367394      
1.5052983180078323       -1.0041360210255905      
1.5084728909472556       -1.0050866648299837      
1.5065438998167984       -1.0045953893615702      
1.5074370872513156       -1.0044221917339573      
1.5096300140735557       -1.0051500045352133      
1.5059110633171786       -1.0043928309044998      
1.5084680850217755       -1.0046749240106432      
1.5047465293536904       -1.0036551920114425      
1.5078525801773348       -1.0046947964325246      
1.5101463935509176       -1.0055543711316484      
1.507751384293738        -1.0044040221233557      
1.5052927044083648       -1.0037257957814907      
1.507504973261078        -1.0041637990405583      
1.5083765313853885       -1.0049312445995662      
1.505980457070649        -1.0041114829962599      
1.5072356187999874       -1.0042813105540047      
1.5083970017236303       -1.004685698460841       
1.5072407071791518       -1.0046365756897435      
1.5078499173720261       -1.0050014993108407      
1.5085518353324991       -1.004421300270957       
1.505659542002865        -1.0041864618475098      
1.5082242197523716       -1.0052012894793183      
1.5080407702403145       -1.0041130012963613      
1.5077256194159159       -1.0048199103703968      
1.5096676859447098       -1.0054500399332198      
1.5069600367900462       -1.0044392961987012      
1.507491458896938        -1.0044989702119598      
1.5043324422922435       -1.0029473298014973      
