a                        b                        
1.504335223929788        -1.0052714345732605      
1.5106218098942927       -1.0072334324396732      
1.5137999515950578       -1.0093574994803232      
1.5324928171812748       -1.0165313464386285      
1.5059336993602275       -1.0072626167803052      
1.5044169509237828       -1.0046872741661208      
1.512695039877635        -1.007647825699504       
1.522568582820031        -1.0120310198327584      
1.505819824614936        -1.0068397337075767      
1.5286184621641523       -1.013474551419794       
1.5044100346304472       -1.0061947453940936      
1.5047154884450173       -1.0056754588955021      
1.5362551352739322       -1.014057287805492       
1.5188906889100457       -1.0106982883667792      
1.5149168679984122       -1.0092037838167753      
1.5182889379616256       -1.011604863517729       
1.5146158834105083       -1.00879338803346        
1.5286586234702466       -1.0138028375711972      
1.4823568984813025       -0.9975558767533519      
1.5197456932680182       -1.0111857347626902      
1.5157804529642853       -1.0099157329042705      
1.5031097127468276       -1.0059113772789376      
1.51568550264841         -1.0088140540762411      
1.5111374094357908       -1.0067160026563586      
1.5186700108893147       -1.01057889417093        
1.518089468207643        -1.0114767719013467      
1.516956366268258        -1.0110680495885396      
1.5266003177730172       -1.012953254654632       
1.5145719777423152       -1.0089220875748053      
1.5155471996519765       -1.0095045849516826      
1.511680511468678        -1.0086515276981571      
1.5221990162279837       -1.0144920103629742      
1.5161970865258674       -1.0106010366736744      
1.5381247404314164       -1.0172659294957875      
1.5250119527678967       -1.011897072916864       
1.5310275150384673       -1.0148198775351474      
1.5052229100008891       -1.0061701649602044      
1.5156079671539493       -1.009867177309298       
1.5259991212423907       -1.0131216320740557      
1.522863952312759        -1.0137365143324824      
1.5086647817325776       -1.0070990041405194      
1.5057844901726252       -1.0058609398116383      
1.5087576404934433       -1.0070926490566356      
1.52087835394331         -1.0118505302016685      
1.5141049137652784       -1.011079477533529       
1.4962473967693268       -1.0028693943841842      
1.490167440236796        -1.000488889740276       
1.5218588990919095       -1.0110613642757937      
1.504589321351098        -1.0043575839922987      
1.5169763942536139       -1.0085613575187404      
1.5113475438687844       -1.0095706870565246      
1.4989289489056903       -1.0029975271602796      
1.5325689809875425       -1.0156170303498424      
1.5179508405174937       -1.011607257349661       
1.509707968345956        -1.0074301675033543      
1.5150940052641975       -1.010247890051255       
1.5200162239301591       -1.0108589784878996      
1.522309507106899        -1.0124135856925587      
1.5053886784511172       -1.0061220475410777      
1.5074895584818846       -1.0060874222379115      
1.5195074268624411       -1.0103641779608181      
1.5145799797732085       -1.0092828726383793      
1.5175166743924413       -1.0110228327695407      
1.5225953839036495       -1.011641212480999       
1.5150797685305508       -1.0093268142710223      
1.5017301983889935       -1.0046138449774147      
1.535463078308177        -1.0163015381431413      
1.5269452634568492       -1.0115539707112462      
1.5157453933780896       -1.0088323843138078      
1.5172228995282753       -1.0090329143119006      
1.5251912008923199       -1.0136482794911048      
1.5198356302215552       -1.0110754593699678      
1.5155793817696697       -1.0094837093701872      
1.4974522811047914       -1.003980520903832       
1.5179532491213217       -1.0103726504078252      
1.5333564563861477       -1.015204639600143       
1.5190238057252539       -1.010532937649716       
1.4953474503865911       -1.002713886620778       
1.5240436785605032       -1.013178306328798       
1.5118393156907397       -1.0084864773196427      
1.5277450086085658       -1.0143584327240895      
1.5140792193251724       -1.0102756693997963      
1.5218105805824789       -1.0110675733341379      
1.5098408535095706       -1.0068576431544787      
1.5123255891340242       -1.0069095294033443      
1.523613052890095        -1.012292157585111       
1.5219691216424938       -1.010932932345488       
1.507271627622388        -1.0071902880415173      
1.5175701019734897       -1.0105112612584992      
1.504948066507724        -1.0070627894019515      
1.5343588851469405       -1.0171877602401531      
1.5246693097727564       -1.0125101067013185      
1.5195545458984954       -1.011127585040806       
1.5154986685326066       -1.0113846418736623      
1.5119534975680324       -1.0067023016958723      
1.5166851924009848       -1.009689754964561       
1.5151465558469541       -1.009731360370132       
1.505696975261898        -1.007128611327878       
1.5201887041237359       -1.0113767858691525      
1.511283369448369        -1.0061110026244904      
