a                   b                   
1.5591777937592195  -1.004239573360592  
1.5526988156486141  -0.9991335006336958 
1.5705158793960228  -1.005310681428731  
1.5523715739859918  -1.0241449374288716 
1.5361445815955286  -0.9572086070706013 
1.5251539599906774  -0.9356211386163031 
1.5714642044010394  -1.054331088804724  
1.509400261303564   -0.913624925327046  
1.5886518928698765  -1.083607720870373  
1.5001873548072726  -0.901653286439687  
1.5457628401358026  -0.9494075523909643 
1.5594582746939505  -1.0220711308798456 
1.5132639275837911  -0.9369499713113815 
1.5350708902659502  -0.9598706071455004 
1.5355929396597543  -0.9623905682888365 
1.5411397029779919  -0.944505658304674  
1.5222639120948507  -0.988411307135042  
1.5507426161236209  -1.0137513931840485 
1.5465166736348257  -0.9648197902417497 
1.5170692801595616  -0.9432791490669508 
1.5724434794517386  -0.9767248623576629 
1.5416237285835348  -1.0194320544896704 
1.5309572766999089  -0.9449752593735986 
1.5792531484761685  -1.0570047714515214 
1.5205492109780645  -0.9291832093711427 
1.5734593139459472  -1.0500215007610347 
1.5295632548916338  -0.944718308611404  
1.6269170481736914  -1.2                
1.543636549518248   -0.9935027175065034 
1.5596779194141641  -0.9884189824820341 
1.542445317476051   -0.9570765138920792 
1.5389812691911204  -0.9701687988693241 
1.539511111060232   -0.9675132110166209 
1.5358645981348822  -0.9453928445048105 
1.5478840804007763  -1.0322728613468393 
1.5194557069382932  -0.9770259050822061 
1.5786187740591184  -1.0252274408003816 
1.4749822465238345  -0.8520317937841365 
1.5307454280191144  -0.9443059153901662 
1.563180236246345   -1.050988234614654  
1.5776711465956188  -1.062502143816593  
1.6230310250013906  -1.1710823070076162 
1.6464509002929624  -1.2                
1.653477744238919   -1.2                
1.6490581962076831  -1.2                
1.5445995357024325  -0.9627702477354068 
1.562274765055437   -0.9856107943649137 
1.5517871723328103  -1.0270820041982724 
1.5923686135986364  -1.2                
1.5534750870132863  -1.0310310897583665 
1.5337044886079831  -0.9859278038094214 
1.501135754016914   -0.9103904489210587 
1.557490060590955   -1.0405096453312168 
1.6298221591215039  -1.2                
1.54956648756558    -1.014460683309265  
1.534053434868581   -0.9301969073777541 
1.5359466098424035  -0.926617239375278  
1.5788446860473908  -1.0928187553065134 
1.5521137140551489  -1.000568977176653  
1.516533218681322   -0.9502425419303343 
1.5455172428296957  -0.9997971977277719 
1.5424770840442465  -0.964606833374725  
1.5370516446953768  -0.9860837096454491 
1.4924055696956406  -0.8874395995623928 
1.5182009539815902  -0.9585302982172732 
1.5485598201944168  -0.975046803147949  
1.5435376021501355  -0.9868997438371202 
1.565095667023768   -1.0374917554718281 
1.534027788331321   -0.9649378725548736 
1.514017116022282   -0.9314170675303322 
1.5207298467606167  -0.9304186097941034 
1.5417166973771976  -0.9637558681607693 
1.596652736918451   -1.002271807286001  
1.5353996693293805  -0.9632062300859208 
1.5536766504582369  -0.9921528961232543 
1.5496380168994395  -1.0144606032917236 
1.5106370278244203  -0.9248990964746366 
1.5480836162380445  -1.0127287061317576 
1.5635565810939662  -1.032513872682867  
1.5802894768255635  -1.0698608485334926 
1.5352007392854459  -0.980723700721684  
1.5132216806563683  -0.9375498750755259 
1.5275611578041608  -0.9333673294054756 
1.518759972001107   -0.9283908799531442 
1.5112689316347439  -0.95479350721468   
1.5345746986213438  -0.978578071404218  
1.5309559335993048  -0.9458059775341312 
1.4332123393309515  -0.8                
1.4493761602571869  -0.8394107254327055 
1.5687216111575453  -1.0290074977775039 
1.5347063031018315  -0.959408871591193  
1.549497364535626   -1.028071042254252  
1.5307347458993923  -0.9584820337435963 
1.557045850212493   -1.0450471095455847 
1.5931090301546031  -1.0823138261525764 
1.5331627286226317  -0.9544011634480692 
1.541339086634094   -0.9847693724440881 
1.476611809547808   -0.8393851893523937 
1.5774913309035121  -1.0204210600147205 
1.5230013484089495  -0.9305869309174373 
1.5561927244929097  -1.0092990495938525 
1.5162837814626122  -0.929519823833161  
1.5196052454236442  -0.9488605206935639 
1.5594274455911814  -1.0289147651144674 
1.5464028525870166  -1.0024793384132964 
1.5247037330926552  -0.9465074042095697 
1.552553011494113   -0.9712660043203758 
1.6392645173283222  -1.159521558390472  
1.531364090579203   -0.9765759035748098 
1.5494146656741554  -0.9858711957632584 
1.5343279579126532  -0.9468827130303973 
1.572331945391671   -1.0518567432264931 
1.515404877239118   -0.9139165604677961 
1.5282920377811853  -0.939726643687534  
1.5274185553215536  -0.937755781657242  
1.5235792067993164  -0.9398026707966939 
1.541185211712041   -0.9707669104080536 
1.5477447784699483  -0.9669070218987136 
1.5744125803462383  -1.0645409364127798 
1.5497530293474755  -1.029220169348219  
1.5226641126057383  -0.9537377242944014 
1.5345673852155015  -0.9724592993565615 
1.561195861140606   -1.0607326750482502 
1.4865783596583735  -0.8916800198093753 
1.5278621522354174  -0.9329576529812474 
1.5152472141597315  -0.9260488745758201 
1.5467807067474053  -0.9746656538468998 
1.5311412271669065  -0.9955415907779793 
1.5267547735431026  -0.9384122575799705 
1.5319706923273313  -0.9406848556101183 
1.5108812155270266  -0.9314031012822946 
1.522612303022369   -0.9350758354912224 
1.52465737141017    -0.9472781828110318 
1.527632815441393   -0.9356152686545486 
1.639365278955473   -1.2                
1.4857630693077266  -0.8899206284465523 
1.5406316409022238  -0.9763411803986036 
1.531939687839658   -0.9457452209027508 
1.5686780022527733  -1.0202458593179664 
1.5267865994697054  -0.9590076599081143 
1.5274282342734518  -0.9418908490579504 
1.6318692227118696  -1.2                
1.6567234933820334  -1.2                
1.5269996762743654  -0.9237846797002613 
1.5262811830027572  -0.9773789882074687 
1.5554778241688196  -0.9908934075761129 
1.588176959713865   -1.0780770045054486 
1.49634871306488    -0.9583668296916235 
1.4931097938280287  -0.940735861719243  
1.5277947874366018  -0.948187617013353  
1.5358766654320575  -0.9666113296203492 
1.551103405099887   -1.0361534446872263 
1.5309864472534611  -0.919739884274485  
1.5135185748786397  -0.9390709730477671 
1.5386859006279214  -0.9531720182002285 
1.5090742425678318  -0.9380021296786458 
1.529681487348542   -0.9524231284012153 
1.5230174448304767  -0.9539240208232869 
1.5525935737029708  -0.9884560547128476 
1.5596137822364138  -1.0351825858676797 
1.530700684543118   -0.9578636692376419 
1.5592831214271508  -0.9711244143890161 
1.5366991865596025  -0.9652801925923735 
1.5651743647835004  -0.9929593700881455 
1.5121064630833645  -0.9279637848519284 
1.5449379523140305  -0.9816190828254479 
1.4996605545409467  -0.9261098316584152 
1.5025676164991408  -0.9414092048312481 
1.5298086886114537  -0.9677299499100229 
1.6043321873815457  -1.2                
1.527168084709014   -0.9449011807045431 
1.522632241656603   -0.9490551200506241 
1.5649066159599616  -0.9956818227169814 
1.5315855988953677  -0.9225585789916696 
1.5190545851121067  -0.9309373539477026 
1.580070926126366   -1.0316179985155662 
1.609441772219506   -1.1718116711582254 
1.5343337324878852  -0.9564294331845327 
1.5897095353072812  -1.0458444415984567 
1.5536950646463326  -1.0087435734583665 
1.6840717366808196  -1.2                
1.525381520911953   -0.9485179025756446 
1.5574313302481837  -1.0262507554156974 
1.5563467322866655  -0.982602508685531  
1.563162713998303   -1.0152444264472642 
1.5392386370074325  -0.9576467108774829 
1.5395109504732005  -0.9775101305853812 
1.5706019088468257  -1.0450094537241912 
1.550970673252422   -0.9756932782892418 
1.6011536427065853  -1.0889595819040476 
1.500128024916129   -0.9393014110156672 
1.5213912574481063  -0.9441379161542862 
1.5500820284397345  -0.9831476622216838 
1.5320945052473964  -0.9419284696048673 
1.6422256718393486  -1.2                
1.565107576651101   -1.0480794938740974 
1.5091040980811006  -0.9169103072186726 
1.515192565262063   -0.939611472727888  
1.5649714950817997  -1.037579866765831  
1.51992474512167    -0.9577828569715895 
1.5838368424652522  -1.0754795628118283 
1.5418411498186875  -0.9685091247087856 
1.4940166817066431  -0.8828280762122289 
1.6723246743288303  -1.1998171508226592 
1.4787504490686223  -0.885519781509765  
1.5613296262235263  -0.9833945475776564 
1.5440515320682537  -0.9617031921606247 
1.5715963882738675  -1.0140536738521646 
1.537655719208949   -0.9984136747658879 
1.5349954193150381  -0.9741121060682818 
1.5168516927015472  -0.9606718118581664 
1.5424565358555926  -0.9634538550040205 
1.5608132672484667  -1.0309696952470442 
1.5151952061033824  -0.9358319696795383 
1.5269025878979383  -0.9565861666116579 
1.5415656350850804  -1.012574509617136  
1.5374980584659115  -1.0206005603602404 
1.6347116544504792  -1.2                
1.559989403590123   -1.047001343357686  
1.502214578197726   -0.9300587698313331 
1.5207457012271954  -0.9481694175991712 
1.5301834252125392  -0.935911022276067  
1.5057752407282157  -0.9304105784984403 
1.5628867895613687  -0.9964060124990609 
1.4966295365064042  -0.91728936977772   
1.5618524340413211  -1.0425683089020505 
1.5436309793985832  -1.0021476118618866 
1.5540637269891717  -0.9958696102881004 
1.5197507209105396  -0.9399083342259738 
1.54739258805633    -0.9634256787724692 
1.5438985955990876  -0.9658395598145746 
1.5817824124563546  -1.055718512816151  
1.5585360479507422  -1.023988667973461  
1.643964548164655   -1.1931554799024442 
1.5574429269923837  -1.020680100671703  
1.6690367062739264  -1.2                
1.5057362060937263  -0.9265079967036827 
1.5401725425935404  -0.9754660705685942 
1.4832105683880568  -0.8823733603472819 
1.5424144754887497  -1.0022301524268846 
1.5462082897219511  -0.9972423993219759 
1.5729900868648325  -1.001366777355476  
1.545766801602719   -1.0057562321832714 
1.5277793838849065  -0.9928948730565861 
1.5394223996132255  -0.9466079014632472 
1.5354945158308675  -0.9735206229729357 
1.5330461404095763  -0.9554599665995156 
1.5234541221080204  -0.9521810260602572 
1.5220117196924414  -0.93575258916939   
1.6153310358333635  -1.2                
1.5375520683160546  -0.942184037758468  
1.5207202622107188  -0.9453065474079085 
1.5500414428205624  -1.0051886770528946 
1.5003386518882953  -0.92617648648239   
1.5052837202773766  -0.9740555271719319 
1.5201872349680199  -0.9545106784097661 
1.5132462970552443  -0.9255993993696287 
1.4953082625834098  -0.8926057590300298 
1.505026775675238   -0.9360076854224177 
1.559175340198621   -1.0099895375648356 
1.5512890556998336  -1.006086419599751  
1.5316279694866002  -0.9762165592746718 
1.6127978231182185  -1.2                
1.5381248524930253  -0.967297895623617  
1.499200437207726   -0.9568567478975258 
1.5411484150252635  -0.9648793619157507 
1.565673094491329   -1.0001814673255205 
1.5437186195464894  -0.9621498729622426 
1.5452674450232073  -0.9766715496122351 
1.549946138917422   -1.0293868577150138 
1.5060397084626784  -0.9463781943018079 
1.5427897723775066  -0.967530006575045  
1.552149753344623   -0.9602929954259509 
1.5445482414088805  -0.990403932546861  
1.5196757014842717  -0.9615510404617197 
1.5928263560054037  -1.0618497663155964 
1.5688294662773987  -1.0575673637329996 
1.5496768607134208  -0.9682262910682328 
1.6637591234113016  -1.2                
1.540669790770844   -0.953851351276215  
1.534236481120809   -0.9515724676883165 
1.5312956071079127  -0.9522437360600818 
1.4960437010664023  -0.8906242507936779 
1.531301761120081   -0.9676399238508592 
1.5336940181609133  -0.9544787981567153 
1.5435896273951248  -0.9998316501169044 
1.5258083220610221  -0.972156608903974  
1.5166848989836377  -0.9736348595882114 
1.5287827030230678  -0.9325231800167694 
1.5381797369149033  -0.9740738971728193 
1.554168594760667   -0.9738594006939069 
1.5335632016033778  -0.9583377168913803 
1.542793018612511   -0.975460643627221  
1.5353086605271034  -0.9244663888534047 
1.6536944896501886  -1.2                
1.5318694602614498  -0.9863955613043967 
1.5393935968598267  -0.9475633004940917 
1.5227668496532885  -0.9479691108590016 
1.5347302695612517  -0.9830668944199026 
1.5343330871944116  -0.9647473091994608 
1.5326742691205768  -0.9547240693792116 
1.5501463864835505  -1.0168520325221855 
1.5366827711390882  -0.9461165954392535 
1.5221118501699216  -0.9430615969807147 
1.5657425021485492  -1.0454188534550546 
1.577020347357319   -1.0659015493930968 
1.5771262522344733  -1.0183619995038433 
1.5429530049071774  -0.9669292411813717 
1.4997550745846442  -0.9266017774339278 
1.5076222559237693  -0.9231732584793116 
1.5647313675842909  -1.0539555928196758 
1.5150307333905013  -0.9385691119646207 
1.5225626327686745  -0.9429065204212556 
1.5288007755641317  -0.9388235756431547 
1.4578181772132712  -0.8333221037265199 
1.5064896594864587  -0.9381227964941403 
1.6242282892140325  -1.2                
1.5384278768467086  -0.9585077680366932 
1.5611712567467861  -1.0329280347653125 
1.5601063464977318  -0.9742364359635337 
1.5401191486149053  -0.9800312259517331 
1.538572234790063   -0.9580807601693712 
1.5319209827933928  -0.9717681852804338 
1.5407577708884144  -0.9540520381925981 
1.6535729486526705  -1.2                
1.5394291204131842  -0.9442003944369408 
1.6632508416445055  -1.2                
1.5464660483150787  -0.9622273090518193 
1.515850919059909   -0.9309432263281383 
1.5024714728450153  -0.9212553722788495 
1.5552628945402451  -0.991869648833264  
1.5340181759381535  -0.9891577398051342 
1.5446201143843925  -0.9948074462087083 
1.5866254981844818  -1.0701235721543585 
1.5321656891902644  -0.9988128938128521 
1.5617575721833745  -1.0054356036150305 
1.5347215453443153  -0.9551833793793748 
1.5415707343660126  -0.9933440484156343 
1.6563352606653907  -1.2                
1.5362942256695746  -0.9462065429172528 
1.4962680522989846  -0.8974921587817698 
1.5541439909070172  -0.9798885817955053 
1.541231727265243   -0.9916113516542846 
1.5240218726799526  -0.9620507983824452 
1.5314176357334401  -0.9682089490293376 
1.535380479305776   -0.9809574341240195 
1.5675270633955694  -1.0459762211799437 
1.5385829020970225  -0.9345373073039257 
1.6194477404926517  -1.1697706466019449 
1.5623184700827306  -1.037753965627365  
1.5296682671193982  -0.93486282523357   
1.536156893280962   -1.000187899246888  
1.5632449818145662  -1.0554784799084107 
1.5078181941376523  -0.9255338732499885 
1.5257422092267812  -0.9203223921747417 
1.5445571759973271  -1.0064345810885702 
1.5470995142079553  -1.012965143879856  
1.5076622189683024  -0.9239353519830293 
1.517632385773194   -0.930844352166224  
1.57863336398841    -1.0536569358514818 
1.56738090023991    -0.9846083092569875 
1.5205947965244022  -0.9358063977406808 
1.5314804720472688  -0.9798350871915261 
1.5368848613600787  -0.960452104744322  
1.5634452750612133  -0.9714000575505628 
1.5887090657337097  -1.0448985959615156 
1.53493667601028    -0.9537802045960561 
1.5948162018979035  -1.0842127530864767 
1.5339391962156774  -1.016092608559618  
1.6130977694027355  -1.2                
1.558838921898341   -0.9999125677845249 
1.5500441395348594  -0.9695212257027208 
1.4899720083606682  -0.9040026781993202 
1.5269018135960881  -0.9825615714388617 
1.5292040644323928  -0.9544385706855893 
1.5500130652739954  -1.032491311177787  
1.5331873367078013  -0.9468107574479293 
1.5507818489818053  -0.9836933824749745 
1.5267995535284709  -0.9365710942010218 
1.5462870737197474  -1.0043536432864457 
1.5311865974277277  -0.9368541827525037 
1.5545797004805078  -0.9597505028895686 
1.5081713720532555  -0.9127174287560011 
1.517667592269599   -0.9111128770964273 
1.5252535953879425  -0.9458875582082114 
1.5297170580612889  -0.9597036810193443 
1.5611490040385922  -0.9852038593533938 
1.531361019255715   -0.9806346267469426 
1.5553587986116018  -0.9690057238622153 
1.521885390110647   -0.9368714856596302 
1.5412006109763816  -0.9661443794565089 
1.514575154572133   -0.9007967765460926 
1.5056981161855132  -0.9117771214201673 
1.5426340348801155  -1.0036395433161478 
1.5195486224639545  -0.9531979631764382 
1.5177978626962394  -0.9353006363975186 
1.5459014360960883  -0.9862409890157874 
1.5530616270032247  -1.0285279534449026 
1.5361682715878382  -0.9458870464395517 
1.5434571040790293  -0.9579730229738386 
1.5559635725090344  -1.0269837370044201 
1.5514272935875995  -0.9589870096076134 
1.5274858794767725  -0.979746818399081  
1.5598914372049157  -1.0435270301557877 
1.5452515568046887  -1.012935858116333  
1.5347550214968484  -0.958747270364297  
1.515057195715851   -0.9209955725860968 
1.5553417966700345  -1.0239145846275464 
1.583951833941143   -1.0496947145982205 
1.5697897512091068  -1.005782114126496  
1.5301298760102606  -0.9543162322389152 
1.5258884199160176  -0.9464221600271744 
1.511744363561833   -0.9419809024600109 
1.4897871742800435  -0.9062029870820447 
1.6607081697399897  -1.2                
1.5339238626385412  -0.9580697235575777 
1.531753058708444   -0.949205755174541  
1.5097298491627211  -0.9319505298505566 
1.525078879955921   -0.9433109342255802 
1.6594009930502853  -1.2                
1.496000670729961   -0.9097762774266895 
1.562659759141386   -1.0263596203240215 
1.5347145677189211  -0.9386504494467961 
1.5763548823840374  -1.0683243833432972 
1.5316697775809718  -0.9579383067791399 
1.5592363190874976  -1.0179020195725532 
1.5192634743129219  -0.9517221756463122 
1.5385450401499159  -0.9676707438743841 
1.5928273480593298  -1.0580197152688824 
1.529988026928877   -0.9920690596889057 
1.5387926299722894  -0.9892920442766192 
1.5508017428013956  -1.0001301107880252 
1.529507357243887   -0.9669215784326449 
1.5127566799673036  -0.9261328319987823 
1.5411161354477527  -1.0089449476930108 
1.5267923957784015  -0.9628612468984499 
1.5208561079067386  -0.9239624296635784 
1.518456664850861   -0.9362296029192569 
1.5421469396190532  -1.0179311618764333 
1.5126374291502303  -0.9372791931302732 
1.500864878961122   -0.9274429625678268 
1.5110444599161976  -0.924608731473235  
1.5093621507466977  -0.9095813134174721 
1.4889513656264215  -0.89902669291761   
1.515523839532192   -0.9329927163064383 
1.5844226098826324  -1.0717649950516646 
1.5208920175635943  -0.9476101383870161 
1.5386923450065317  -1.0061345042854468 
1.6211863760437715  -1.2                
1.510637586967429   -0.938650386855892  
1.5453247961191732  -0.95655603939808   
1.545285020436053   -0.9601517854308109 
1.5350400416286596  -0.9721811524815532 
1.5517895562848094  -1.0017825843473238 
1.5389850675709398  -0.9930954323296993 
1.52012647042931    -0.9657221091227131 
1.5549139026234713  -0.9794099330535657 
1.5322959710519453  -0.9653301084974704 
1.5422097174049196  -0.9875495928411867 
1.5503176049896683  -0.9885746180671661 
1.5407641965534298  -0.9450627388013073 
1.5578056490774144  -1.003661238616262  
1.554841868208949   -1.0084847456293735 
1.539916693624881   -0.9616902963353132 
1.5567115595378775  -0.9666404827686953 
1.5452925751513573  -1.000853093026829  
1.5621267747977765  -0.9888105107810877 
1.5044322000218027  -0.9351122417892295 
1.4900476968369767  -0.901236930900798  
1.5039909138774588  -0.919213741559318  
1.5537090591517961  -1.0156457650788435 
1.5318141319674377  -0.9687208753220116 
1.5194822593760184  -0.9398254096683231 
1.5458866651474703  -0.9578700710698573 
1.4876691289592252  -0.8882844033269794 
1.5553812906097848  -1.021451412653759  
1.525292679414092   -0.9383939880110591 
1.4932579350463717  -0.9028140991713082 
1.5546574986411206  -1.018986734018891  
1.5301569935221022  -0.9415733010247576 
1.538119243999456   -1.002674271226625  
1.6632304433740885  -1.2                
1.5271566342256153  -0.9411311537846638 
1.55967250123353    -1.0054922620221902 
1.5788500228662197  -1.0841302159848831 
1.5617674008912674  -1.0349797039836572 
1.5256242835153089  -0.956735540051993  
1.5120392705105514  -0.9305238445975494 
1.5390403809292965  -0.949547477774618  
1.5173331655725408  -0.9422437897108845 
1.573691283966526   -1.0354491111325155 
1.5530277664228576  -1.0100970939920606 
1.499736960920411   -0.9341180380791755 
1.5415377080174824  -0.9735658923422152 
1.5054770450747879  -0.920758976320949  
1.542665743939006   -0.9519664141044321 
1.5593372627584574  -1.0336041909790858 
1.5102221976004062  -0.9348077139397549 
1.471701548422391   -0.8678567637207769 
1.5278729461272507  -0.9518313216010817 
1.5061336568251396  -0.9500551213909005 
1.5870005241990885  -1.0719767665033053 
1.5451034263154801  -0.978330162220396  
1.5366170318134273  -0.9599844003752668 
1.5417024467327984  -0.9663738727452429 
1.5665808447734912  -1.0580772588664913 
1.5402062118253224  -1.0082518949597488 
1.5362837256891404  -1.0165269044296752 
1.5403393830219192  -0.9683798171025756 
1.514088840180289   -0.931880345521108  
1.5571211466617867  -0.981778897327707  
1.676965314356942   -1.2                
1.5748973718504762  -1.016878543815869  
1.5512095282573888  -1.0329601072546848 
1.6497246719024896  -1.2                
1.5359342150419653  -0.9132072975462083 
1.562448910285419   -1.0042505224046077 
1.5538241777062936  -0.974754423120309  
1.5378323820920723  -0.9915274821598804 
1.5221775684946457  -0.9241516104052329 
1.5215863275529482  -0.9374753828620443 
1.5230894662264807  -0.9363433458927023 
1.5852721561631384  -1.0563337813540739 
1.612571845622955   -1.1002498205085114 
1.5349080254434324  -0.9313617532576298 
1.5485188848242546  -1.0191211626469017 
1.5278978465769735  -0.9596358444659854 
1.5448744174233218  -0.9995703550451683 
1.5616735814150233  -1.020521595744777  
1.5362082614098986  -1.0027673069600793 
1.631992385503133   -1.197223755915808  
1.5285938532762395  -0.949895966033435  
1.660747236097637   -1.1977208911403237 
1.5199521522058432  -0.9328627612497551 
1.5461163109293636  -0.9646983470240486 
1.562528721351421   -1.011942358639531  
1.5192444068661994  -0.9647231022719102 
1.5684765046662386  -0.9951414876589433 
1.5512602086473524  -1.0199471190763318 
1.5583376726510592  -1.0098583157450256 
1.5257902906947838  -0.9508103384688159 
1.5637691742477802  -1.0111642069910856 
1.5148099548800416  -0.9370818285580053 
1.5202719912360532  -0.9508363819251967 
1.563462583823559   -1.0329910060504732 
1.531539376295315   -0.9383398165624713 
1.5471058096862191  -0.9984049525279164 
1.5446638749762396  -0.9682375542942364 
1.5315658415889675  -0.9880084762025979 
1.5268978813685703  -0.9402485655280173 
1.5522476588552596  -1.004793389697191  
1.5476777879238877  -0.9976783024209098 
1.5361579377027546  -1.0019487317703248 
1.561778904810746   -1.0500668283027186 
1.563390846345964   -0.9862361538056408 
1.5398895898398446  -0.9963913345514657 
1.5296059154175359  -0.9445220989835359 
1.5244809100575059  -0.9464134479144373 
1.539412050799061   -0.9489527303926648 
1.521776841981394   -0.9351225793108047 
1.5583790350633162  -1.0341400395808733 
1.537695150193658   -0.9493915877714302 
1.5373754685443675  -0.9641833264890065 
1.5633052757958148  -1.0371758944671354 
1.524233567925349   -0.9182929665159969 
1.5265814299633316  -0.9678190500777116 
1.56548503568228    -1.0699906530900447 
1.549371249916868   -0.9513321196949707 
1.523424147512099   -0.9403398789242173 
1.5146963894597014  -0.9416164310385082 
1.5449758521560395  -0.9487312362351581 
1.5381927375054971  -0.9291833792921832 
1.5762035881853365  -1.0783283697703085 
1.5586288648555666  -1.02844158977048   
1.5455735073366208  -0.9895395060784754 
1.5632151984194647  -0.9879954751791882 
1.5133916287645972  -0.9292932454910838 
1.5377572082169513  -0.9625869229829946 
1.5108907466297725  -0.9248027689506017 
1.5164801762797238  -0.9729653708672834 
1.5509832535934807  -1.0301435523075155 
1.5338376952821873  -0.9269015781230795 
1.6634506414592771  -1.2                
1.527191532264912   -0.9419183955214611 
1.6182549132166952  -1.2                
1.5788581506507688  -1.063577238741189  
1.5918760676211823  -1.0844657625037752 
1.5405457414945587  -0.9522488601351886 
1.6510266437770462  -1.2                
1.5799236212865133  -1.0300399160931293 
1.5342023611106932  -0.968643738622482  
1.5365766399081744  -0.991567598984846  
1.5453763609025937  -0.9738133131112756 
1.5539295642278088  -1.038979696240809  
1.6623059851925355  -1.1896036253565665 
1.5014573425068554  -0.9085187076570791 
1.5641103389806088  -1.0108552437163643 
1.5554280914604313  -1.0160655278297457 
1.5416488329370501  -1.0170600083174144 
1.5150320626155194  -0.928732066299172  
1.550081434114321   -1.0164684383429479 
1.5254838419531491  -0.955361707345688  
1.5257512146819738  -0.980733041141067  
1.5160752738217116  -0.9178462658121136 
1.5385295602800946  -0.9462120899181282 
1.5510615210209608  -1.019308431838605  
1.5310273653008808  -0.947487008283036  
1.5275032418812926  -0.9286429950919648 
1.5415857029120146  -0.9655111964341578 
1.5279975180019076  -0.9684777843216414 
1.5665883723979874  -1.018769450383501  
1.5092279420909678  -0.9451836568037456 
1.5478023928167475  -0.9747449373692954 
1.5148007712886509  -0.9471422113284261 
1.527978271293239   -1.00674701211551   
1.5099167079401847  -0.9480466454155081 
1.5655382045126274  -0.983090246352772  
1.5480103790682733  -1.0145132969080586 
1.5289189892529744  -0.938738577038765  
1.528322560234372   -0.9833085211767504 
1.461986221407356   -0.8372720181377119 
1.5712408040832417  -1.0078282106298102 
1.5409083422497576  -0.9869991955246287 
1.6588590164159511  -1.2                
1.520540952406339   -0.9516826278915667 
1.5497776929817852  -1.0219918842511941 
1.5650958194452855  -1.0427539005622024 
1.577343547437207   -1.0603502506253746 
1.5523131272885171  -1.0286241534836538 
1.5064034272837503  -0.938394561815903  
1.5139931577531776  -0.9269006146728116 
1.4971053953556606  -0.9140845278280083 
1.4366885899578157  -0.8069746210889892 
1.5527932990412205  -0.9669722352103671 
1.5251022376513519  -0.9426097919511978 
1.544916172900041   -1.0002795102054423 
1.5635205658365048  -1.0304102525152077 
1.4267484518981455  -0.8043365802129182 
1.5331570221416118  -0.967678897266417  
1.549496548296395   -0.9559813283026409 
1.5283713807975554  -0.9636228622973106 
1.5206458523186206  -0.929975424351535  
1.5251901058886315  -0.944736870527419  
1.5557606655972342  -1.0096705747826955 
1.559803257106506   -1.0392966968182349 
1.5569530167457006  -1.0325356586796457 
1.5406830162565597  -0.968757257055662  
1.5662363272939015  -1.0134398712479213 
1.5674896695237408  -0.9881637738038334 
1.516557095173468   -0.9451772099562169 
1.5163552085372434  -0.9346821277037949 
1.5389664312684959  -0.9602907859229697 
1.61404688948917    -1.2                
1.6154868499510036  -1.2                
1.53632923284442    -0.9464832404745782 
1.5273013036622507  -0.9465588682455459 
1.5264013019954765  -0.925566272724323  
1.581925818611674   -1.0464867142321432 
1.524987268586476   -0.9539622962599033 
1.5294410574428816  -0.9657197318397656 
1.5370605852793044  -0.9582318275488723 
1.5843563033758874  -1.0287114460328877 
1.5811835046284266  -0.9869415623588188 
1.5464709594733992  -1.0188846773962768 
1.5432005050989455  -0.9466883359942571 
1.540898178451812   -0.9350812407938579 
1.5421105369191246  -0.9583661899857422 
1.4744747710973216  -0.8870463192454445 
1.5659861938413862  -1.0122166717156735 
1.5406175454958417  -0.9769638509870305 
1.5366018351977713  -1.0177094736198025 
1.5358419356439914  -0.9987882059043046 
1.5256193826714515  -0.9531398131866852 
1.5380836439101737  -1.0218415060456276 
1.534110419387056   -0.9397874389482862 
1.550768490165351   -0.9512789866924692 
1.524246147423196   -0.9544616157663647 
1.5091838909048554  -0.935460854738896  
1.556708930436188   -1.0310561253472534 
1.553595783557702   -1.0238778019289192 
1.554947904470353   -0.9604240086005378 
1.5697362685720202  -1.034886099135643  
1.5471005210736193  -0.9462588224941699 
1.5592633509092828  -1.0145449449426334 
1.5224588159639798  -0.9429363757740319 
1.5157197451879099  -0.927742777046642  
1.5443975937482852  -0.9967929124088142 
1.52656161379245    -0.9558367889468136 
1.5303085237510958  -0.9493524092445641 
1.5800714158741351  -1.0591383791010924 
1.5413908567491765  -0.9611733380069843 
1.5485448462729874  -0.9848911756237966 
1.5148564156999822  -0.9328770810258598 
1.5465101629232985  -0.9968037887237743 
1.555089292277738   -1.0408978059277754 
1.4975536462162462  -0.9168186755672698 
1.5866345678364682  -1.040566045500134  
1.4631114216479966  -0.8186637897952737 
1.4999270382296968  -0.9309988380067029 
1.5325951465461747  -0.9388309240333711 
1.45817934187826    -0.8372898514294815 
1.4984931066773546  -0.903030794242291  
1.570509290142593   -1.053277362100422  
1.5568886818320966  -0.9813880903483794 
1.5554194799700407  -1.0318209464712036 
1.632662447567238   -1.1792383487358324 
1.541822451447797   -0.9354878588172353 
1.5310998744214535  -0.9935148979646525 
1.5496426616879075  -1.016472046457464  
1.530957465760556   -0.9388259034469186 
1.561906775550377   -1.0159095571348205 
1.5626230569721975  -1.0349382022780205 
1.5377294405573125  -1.011175697717343  
1.5439012179994576  -0.9911776872287958 
1.5506588053841392  -0.9729359017508862 
1.569279111551449   -1.0077957910586621 
1.5488316962408681  -0.995175248963835  
1.5011724484322886  -0.9026296880813829 
1.5272534763350012  -0.9389715133246498 
1.5608099835933122  -1.0157658677881687 
1.5581524397891147  -0.9711631613495266 
1.5236978343534138  -0.9717868831385192 
1.5526473662693623  -1.0026512185565881 
1.566517599307121   -1.032918142338712  
1.5469141613728323  -0.9847005347495058 
1.5381886035770558  -0.9576169304766596 
1.514538445280421   -0.9518315704739552 
1.5219129058539576  -0.9556838048447618 
1.522661854872625   -0.9571280285577033 
1.5576837075288155  -1.0060841690136746 
1.5517744987189261  -1.0494766045815795 
1.5591405634724298  -1.0408621775788192 
1.5270944835488007  -0.9478031534681101 
1.564229904462328   -1.0276432122075418 
1.5568212335969398  -1.0065901538214639 
1.5139116466119875  -0.9715359984605771 
1.541477487521384   -0.9694775502863661 
1.5278831370458703  -0.9379875974228712 
1.4993831556556825  -0.9327912715782971 
1.5295605402859802  -0.9670331153858029 
1.5462341405637239  -0.9613694699486529 
1.5617357994317498  -1.0513336034998173 
1.52847018264775    -0.9287366018465577 
1.5374955530045138  -0.973415073653507  
1.5662493729946858  -1.0497688889314911 
1.493353563591371   -0.8863976908469673 
1.5755103968557689  -1.0004502815705736 
1.5585990975534878  -1.003943520508933  
1.5364059521939013  -0.9703136818217261 
1.5435569223622756  -1.0311271355829303 
1.5196776295779448  -0.920104932572338  
1.541122095755579   -0.9584044376424287 
1.5532076365937442  -1.0037511485684139 
1.655188580422621   -1.199747581468995  
1.5744287804229302  -1.036138008311745  
1.573867691990654   -1.0560591999230833 
1.5499627307972572  -0.9929042419475399 
1.5613012041121654  -0.996489283448555  
1.6193989021792536  -1.2                
1.54478768820824    -0.980345724782535  
1.5605705322729773  -1.0250671971242569 
1.565216444126402   -1.0242261893283822 
1.5185346061895637  -0.93374982554812   
1.4934188532272192  -0.8612928429830319 
1.6059383654084094  -1.2                
1.5313016123496803  -0.9374234624011338 
1.55040889570307    -0.9456383760179431 
1.5517989242423476  -1.0270675430792595 
1.5370451216639078  -0.9804116552234923 
1.4851569739180248  -0.9197194748092368 
1.5226230336405122  -0.9446774963895951 
1.544840389512932   -1.006972139119256  
1.5419732338976417  -0.9851241627662987 
1.5688791969899185  -1.036748680954266  
1.5924485236651735  -1.0620437070662667 
1.5579337629166725  -1.0311442204142167 
1.5947406642606339  -1.2                
1.5914091350560913  -1.076035303177087  
1.5743918141012914  -0.9872849811034232 
1.5205019353364808  -0.9352312416390617 
1.5240580213164217  -0.9524755363024613 
1.5077406516715595  -0.9129286693006953 
1.4727146778052158  -0.8798267609685686 
1.5534082483557687  -1.0484353589689854 
1.51563456186396    -0.941016233761524  
1.6657274819615284  -1.2                
1.5301395599159595  -0.9390274493618169 
1.5229224336510863  -0.9439067258240533 
1.50029930854121    -0.9292224126348091 
1.5506844914673168  -0.9709610045244581 
1.560431907464932   -0.9968009030093375 
1.5668306487042638  -1.0403575836580963 
1.508837281914288   -0.9118332221060662 
1.5094136362628903  -0.9362684695631925 
1.5290260412855026  -0.9655999901700126 
1.5525787001577647  -0.9836721733692059 
1.5723285792291397  -0.9974380656135509 
1.535561540005171   -0.9854676292597009 
1.5668633282809437  -1.0637647177370806 
1.5578889302968366  -1.0269116344357225 
1.5388068070332703  -0.9401678079165195 
1.550785041979142   -1.0052040520549075 
1.5485517553925372  -1.0012714612517652 
1.650707976688003   -1.178977922020103  
1.5387747236452907  -0.9601621703854981 
1.5905012324391048  -1.015292410860247  
1.4237611647383541  -0.8253188803853915 
1.5344175478323512  -0.9839498095142012 
1.6128272330670155  -1.2                
1.5408317869981503  -0.9617349375253481 
1.563527514883251   -1.0306584148591011 
1.5528320289973492  -0.9786365039813599 
1.527196852349643   -0.9852986533348632 
1.5200811364728797  -0.9335827187736431 
1.5183988304157883  -0.9547082578230611 
1.5524130310887256  -1.0070213976483906 
1.5447178219766085  -0.9712962719310759 
1.5657003892838335  -1.044267743346206  
1.496529438018624   -0.9028300237055028 
1.535237742939349   -0.9622015132489029 
1.5369479396314853  -0.9565635819912123 
1.5634828490552013  -1.021170994132595  
1.5621386141307814  -1.0331472273865305 
1.531699175007863   -0.9511700405225966 
1.5406439410329138  -0.9546291552243591 
1.5527609644540588  -1.0005355968183072 
1.5324548951569443  -0.947738501162499  
1.539204778040129   -0.9730150114917154 
1.5177365793924666  -0.9229534076574691 
1.5236671339587546  -0.9327042341191015 
1.5404892348081445  -1.0106859947749107 
1.5439497824873696  -0.9823671228910638 
1.5277417413371828  -0.9868021142320876 
1.5541388874027156  -0.9697513560886856 
1.5451373979611795  -0.95972313988014   
1.5301433418395256  -0.938686922318667  
1.545467769000674   -1.0117709721077668 
1.5189894656523042  -0.9355748364880728 
1.529700025100862   -0.9874598933892823 
1.536820427295996   -0.9778961965474636 
1.5027924543454905  -0.9187216274254022 
1.5213370920423277  -0.9228672609620007 
1.5802675081847037  -1.0444431471993672 
1.5357482737404198  -0.9647384399065124 
1.5403876579892901  -0.9659831989872845 
1.5312343721177555  -0.9741155367142045 
1.5847475827243196  -1.0597343863848316 
1.5483083078830957  -0.9809872632962366 
1.5220865759317492  -0.9249070391797534 
1.5576741636967795  -0.9770306817997098 
1.5401638889313503  -0.9693097590769586 
1.5355000386063913  -0.949836102392814  
1.6251309373298948  -1.2                
1.519251193201885   -0.9392454197516712 
1.5402758883023284  -1.00721044518754   
1.5357006748433208  -0.9737953920777719 
1.5558525480348564  -1.0372236834033668 
1.4950659054850923  -0.9164782076027997 
1.5295964344696056  -0.9712413720076521 
1.5032099125288436  -0.9257850553645948 
1.5340175982942674  -1.0033334363343467 
1.5174847405212473  -0.9326211031787107 
1.6288463425845099  -1.173216341083366  
1.5345353579318908  -0.9579493991811204 
1.5284067169959863  -0.9449117292371567 
1.588089987866966   -1.0370692723366706 
1.5522112019062466  -1.0358165834282373 
1.6517686100944564  -1.1975989987858096 
1.5555659429294562  -1.0015570051167106 
1.5290552972250417  -0.9691342387829361 
1.4976682238567152  -0.9251619103118875 
1.5118321283885745  -0.9209470157210847 
1.554999825052168   -1.0136948370961996 
1.5314816725630405  -0.9643908976773049 
1.559677715272929   -1.0047436701226082 
1.535491372013125   -0.9963396706081197 
1.5274475785449375  -0.9586967799325549 
1.5647507814780393  -1.0278128178703818 
1.5516299478090194  -0.9801557344050943 
1.5428850430333902  -0.95280319743771   
1.54595959006225    -0.9868799212669067 
1.4889382082508473  -0.9050588382677903 
1.517183825394442   -0.9211411923589424 
1.66921104775791    -1.2                
1.5616043890785658  -1.0449739456658935 
1.540759503466997   -0.9970020783754316 
1.5359099802476863  -0.9469412869835249 
1.512349161185318   -0.939501624146204  
1.5619760294545886  -1.0377415561635202 
1.5585679317122167  -0.9610513921140722 
1.540664579947254   -0.959085696337001  
1.5759547173442199  -1.045720888759993  
1.5708293434521714  -1.016872788587219  
1.6194682816994759  -1.2                
1.5259533465919413  -0.9329426742107941 
1.5240916889268323  -0.9744495332214607 
1.524819667432544   -0.9479417939992505 
1.5511982923138254  -0.9884158187066588 
1.5113691681988368  -0.9438416523014327 
1.5474456732641133  -0.9869020858370772 
1.533129788281824   -0.9476538840060665 
1.5360774994571282  -1.0017412860821806 
1.5245027756582845  -0.9885589887142192 
1.5307458975106272  -0.9423108147775515 
1.5295548876672798  -0.9365010939049934 
1.5317713310641705  -0.9335162336957621 
1.5784586728974679  -1.0173163009246278 
1.556313874665402   -1.0366388054630158 
1.5441863510063147  -0.9633820035682616 
1.5639493532196314  -1.0200185586554027 
1.5212203218376668  -0.9619619219695662 
1.556531935537859   -0.9756632866076038 
1.5575876157373654  -0.9655281615284407 
1.5808981511327629  -1.050275808973974  
1.5425479566423481  -1.0014292012161028 
1.4434721407290587  -0.8                
1.5319434515274313  -0.9471398191994448 
1.5628115704172485  -1.0274790363829593 
1.5310974355172342  -0.9868417222115895 
1.4619116442824511  -0.8198684009575283 
1.536482971418722   -0.9609174952810707 
1.5522509862515244  -1.0221727783904013 
1.619521073965813   -1.194936808442068  
1.5489197470663634  -1.0012685655275082 
1.5864806388549846  -1.0635055767255261 
1.5137225735578925  -0.9531135533608748 
1.6059501780288445  -1.2                
1.5673997229156273  -1.0627119481480534 
1.5517448459493346  -0.9730851985253036 
1.5457429140348404  -0.9870568629252058 
1.5263927650551783  -0.9333196665233433 
1.5482430279409087  -0.9861860582508959 
1.5435507609698256  -0.9696952725309709 
1.552501883908303   -1.0033936465814979 
1.5383776493861556  -0.9938131196290817 
1.536217195815248   -0.9818544216260875 
1.5450313480621436  -0.9906242313911324 
1.541288955586146   -0.9778451866151511 
1.529642898499678   -0.9582816955164353 
1.5971864515564989  -1.081937777091972  
1.51863552455945    -0.932483522355656  
1.5494486791779303  -0.9923468482320467 
1.5345372801126493  -0.9639958112187108 
1.559928239877606   -1.0146474368221814 
1.5759555047508687  -1.0012278076378842 
1.6054538596412864  -1.2                
1.5509595603300008  -0.9880893310423011 
1.5097822927617377  -0.9385321929901158 
1.534783821880703   -0.9642375414146539 
1.5246223819317999  -0.9362291146543471 
1.5229377760147593  -0.939365657893487  
1.5476223868742     -1.0200076905667943 
1.507395356706824   -0.9129262051966318 
1.5739580567519822  -1.021439446133109  
1.5028166057939178  -0.9237287147695281 
1.5732270246513191  -1.0223669005191474 
1.5675902361644702  -1.0359884985443417 
1.5317605182623013  -0.9479098828187127 
1.5083385782223742  -0.9419872608976401 
1.563334885406119   -1.0477562759626182 
1.5345357849419736  -0.9988414908860115 
1.5674399886483878  -1.010789436684349  
1.5432045335119768  -0.9717639825741503 
1.5421088283147528  -0.9522481608744592 
1.5770920494055747  -1.0468077378648164 
1.6487065700783825  -1.2                
1.5522933285851062  -0.988103368496195  
1.5444783321834952  -0.9750980542683902 
1.5479371588806379  -1.0050305949085188 
1.562407066939045   -1.0119112769333451 
1.5419977277938706  -0.960584926464318  
1.5619650115097539  -1.0294041165364816 
1.5605943518470158  -1.0003305643399634 
1.514838441673658   -0.936772569119887  
1.545963012331603   -0.973627322048197  
1.6383280446239175  -1.2                
1.5133830357130655  -0.9267872703009701 
1.5507603172432025  -0.960851771010602  
1.5325504621824184  -0.9288750788054859 
1.5420851899418446  -0.9649043002072547 
1.537314437894336   -0.9630781365326658 
1.5380753022581066  -1.0014179965888712 
1.5528090303545392  -1.0173884045588713 
1.5358488474392684  -0.9593850767703714 
1.5403925456143839  -0.9491697535640219 
1.5030789813210965  -0.9178091936519768 
1.5282692216154592  -0.9445612631407349 
1.5172940508715258  -0.9394578569392795 
1.5077704955455176  -0.9190655440657417 
1.5398088334393787  -0.9706409899524467 
1.5153366294166983  -0.9395421170879417 
1.539644010065236   -0.9797360978911485 
1.5739638472376987  -1.0207768300604323 
1.5575670736857574  -1.0209626367688596 
1.57548535039894    -1.041109654302389  
1.5722724642214307  -1.0323220056961535 
1.524413421641485   -1.0005635628628342 
1.5370943640876986  -0.9442998410713875 
1.5368060793382892  -0.9473865008039939 
1.501397843360538   -0.9034663646523269 
