a                   b                   
1.5766533613935336  -1.0023826248367673 
1.5500267922311564  -0.9679057381742385 
1.6353650556987902  -1.2                
1.5458742310219264  -1.0054133565203405 
1.546849236617776   -0.943886617067712  
1.5350907079091167  -0.9128494296636077 
1.568674973467444   -1.063131617418281  
1.5199683025344728  -0.887390451469779  
1.5757179879147039  -1.0821173791757521 
1.495811705324857   -0.8707250552186039 
1.5600452944833059  -0.9253269863345529 
1.5480750463750228  -0.9836875234166796 
1.5197441801735376  -0.9075660543923701 
1.539111038732639   -0.9362277593333537 
1.5547542729629582  -0.9596810997470795 
1.5172499439602736  -0.8697393680017956 
1.522009110282398   -0.9710212139173076 
1.5493050882912043  -1.0002557659303064 
1.555741456969773   -0.9449252809333378 
1.5289591215314493  -0.9297742610553726 
1.679531560177538   -1.2                
1.5423585093215477  -1.0060567807997849 
1.5257178061292471  -0.9068909286718667 
1.5671126085356266  -1.0437244179083431 
1.5274015718033527  -0.8976848316396834 
1.5647785300383277  -1.2                
1.527169085678365   -0.8914553084328737 
1.5339359163559576  -0.9188029865255993 
1.5388238112456023  -0.9615998611824819 
1.5541995958753083  -0.9672130768408814 
1.5615760964441816  -0.937324722283514  
1.5133852558120173  -0.9115197546122894 
1.5459836892779053  -0.9376535277220275 
1.5427691213511034  -0.9205717657183027 
1.5407715917678237  -1.0329706662018079 
1.5154181372183595  -0.955307842703997  
1.5692289127193308  -0.9838845397894865 
1.4802336182910334  -0.8395187128669644 
1.5391371802579425  -0.9265555825412128 
1.603937686840038   -1.140288928822009  
1.5756000752322605  -1.0660985004799897 
1.615115348980421   -1.1984120223065193 
1.5105195420687272  -0.9049499859721679 
1.559688795573311   -0.9466774869676039 
1.5068701065448542  -0.9063903295610884 
1.5324476839414418  -0.900688453906472  
1.510327257040155   -0.8492475679244226 
1.5467004479332127  -1.013209291299363  
1.565572311606466   -1.2                
1.5511650825874401  -1.028394507770294  
1.54117802015948    -0.9776298030308405 
1.6628391711292168  -1.2                
1.556264709328146   -1.0496828645204017 
1.593837141722839   -1.2                
1.5461077033951875  -0.9869690725573386 
1.5394579204552898  -0.8934118024768624 
1.5472820076538027  -0.8755994713004231 
1.5623986280222675  -1.1073288234222105 
1.5538659316760668  -0.9853314862600215 
1.5272122089055749  -0.9436894143184916 
1.5473034288701146  -0.9746315282000065 
1.6185990519941578  -1.2                
1.5443009944493524  -0.9554090676422765 
1.4865790159008925  -0.8562165191315673 
1.5269584458555763  -0.9462374225676865 
1.5427178308023806  -0.9220571321692161 
1.539815724968353   -0.9863003702260484 
1.5641054786126407  -1.0289100083709766 
1.5466500352629144  -0.9448039538592666 
1.5241788518264838  -0.9144243734550371 
1.5412321842673595  -0.9078503202299895 
1.5539628597275275  -0.9449376774102185 
1.6083240775192382  -0.9786259225156604 
1.5445389607322546  -0.9403734228035789 
1.5654462928066135  -0.9756888614498297 
1.5373852575390083  -0.9835361995697707 
1.5046835912191245  -0.8812121681598983 
1.5466380331674803  -0.9922094902652792 
1.5653053034687887  -1.0299838879722636 
1.0032827538499418  -1.0601169949453955 
1.0                 -1.2                
1.524658739288386   -0.9210405245508676 
1.5312177631875328  -0.9148625944431124 
1.5283865016883562  -0.9025204609973211 
1.5123950337295415  -0.9232624649761942 
1.5204946142405187  -0.9368979654309513 
1.5019753205920956  -0.8654065392185913 
1.4225871406853918  -0.8002534319360435 
1.4601429055824737  -0.8441342729727725 
1.5734167044847815  -1.0151987154735953 
1.5312852275396045  -0.9215252132396377 
1.543191098188191   -1.015764873209641  
1.5797050798318106  -1.195804013974518  
1.5622394701059548  -1.0749126232541202 
1.5775632243392272  -1.0849453320703073 
1.5324529683147183  -0.9183046974520768 
1.5438429013705153  -0.9619524291332848 
1.6334523589933143  -1.1988432258629285 
1.5911218286887343  -1.0021887617117267 
1.5239504074583896  -0.8867385911858473 
1.5434124056930172  -0.9741086504293059 
1.5362773711568012  -0.9166123890911483 
1.5154510227805364  -0.9054522157095226 
1.5560424464160503  -1.0175298156834418 
1.5534784276162061  -0.9891170426407669 
1.5300368749948752  -0.9193084322992848 
1.5710492451181313  -0.9624525710280327 
1.5547115717783124  -0.9066297994352033 
1.5346944662285003  -0.9545751691205564 
1.0817385552958496  -1.2                
1.5354158847319763  -0.9297651502627873 
1.5676996755852846  -1.0449895831226998 
1.5215668308958121  -0.8809152251218211 
1.5499103991124104  -0.9097631437872261 
1.5367524563450958  -0.9086441536450854 
1.52640861327053    -0.9139373997471989 
1.569403067197792   -0.9784057466347311 
1.5493324849451384  -0.9074324279483299 
1.4708302553629173  -0.8596993883678716 
1.5438075386233039  -1.0203238023481376 
1.522370302494257   -0.9226093768366477 
1.5350232721444854  -0.9418214796815515 
1.5530455447268148  -1.1012572602970498 
1.492860842440746   -0.8773663372915119 
1.534630041250499   -0.8978149958115451 
1.5223861097136466  -0.9086241643269226 
1.5514977274431743  -0.9352552987470915 
1.5265985728327398  -0.977550004757667  
1.5399217795253173  -0.9226688346259138 
1.5131058122171113  -0.8692017899775589 
1.5181686757138901  -0.8938272770702897 
1.5280997960790297  -0.9136140564996246 
1.5336764496210622  -0.9291386736695852 
1.5339705095652807  -0.9071543719867958 
1.626552643906338   -1.2                
1.4978527243396107  -0.8776919149065876 
1.5427396000386693  -0.9572615654884609 
1.6561975504849464  -1.2                
1.589508923229051   -1.0145684144206935 
1.5305867717925212  -0.9469613684066074 
1.4678048643142456  -0.8485697653801203 
1.6173000426917228  -1.2                
1.5255212434741725  -0.9087687708663942 
1.5125432162681764  -0.8713097951252995 
1.5134380231147453  -0.9457489009189176 
1.572469252634279   -0.9855954202824547 
1.6021690778961013  -1.0997108699045373 
1.5017804813910838  -0.9381834927119969 
1.5023125187092226  -0.9334658967733654 
1.5438536651698402  -0.9329152211589984 
1.6256624923586571  -1.2                
1.543581660576193   -1.037810496957978  
1.5059992375902975  -0.8562911688553516 
1.6267399557647104  -1.2                
1.55652143912905    -0.9384938078322395 
1.519556575618112   -0.9145721482486519 
1.5465711888331275  -0.9375392928833877 
1.6460351554320987  -1.2                
1.6193672503358505  -1.2                
1.5514546532326288  -1.021741700504428  
1.5443984775828852  -0.9212645562307756 
1.5413678171414005  -0.9073535172858642 
1.5453759125952589  -0.9453448453680643 
1.5587793740656675  -0.8990603717546959 
1.5211322940713021  -0.900683723283589  
1.5441403014825108  -0.9502647424856401 
1.5111464122004308  -0.9134201778914317 
1.5086614576920476  -0.9193433744833174 
1.5331465110014522  -0.9501515345581182 
1.5632057981398626  -1.2                
1.5477376418237707  -0.9344464860339344 
1.6295404262988666  -1.2                
1.5502674034038246  -0.9204648203373772 
1.5350512028183227  -0.8745075890532333 
1.5291211051493212  -0.9061031131924171 
1.5823288013607026  -1.0196650195039996 
1.5529404415455026  -0.9601930247106031 
1.5396635389996325  -0.9248271258503962 
1.6343457454603092  -1.1664239495915771 
1.5475869520997376  -0.9866085520033914 
1.5015277862716345  -0.8700516056204068 
1.5405363889709094  -0.9261406965385174 
1.5678980590498393  -1.0267641943280934 
1.5787490333506884  -0.9669496188311502 
1.5147848441665492  -0.8932707561084713 
1.6102405185449924  -1.1860161048127003 
1.5764455743242882  -1.2                
1.5918410923631514  -1.072964898478899  
1.5630741713368697  -0.9531955959938021 
1.6131525840243255  -1.1289474361581984 
1.4969963862643916  -0.8956872932408634 
1.5307158150526092  -0.9220047947380331 
1.5603528385001617  -0.9499528797313226 
1.5366607895884583  -0.9067524600578034 
1.6393555358377176  -1.2                
1.5625003286877512  -1.0451403262997552 
1.513972018364426   -0.8972729016676143 
1.513519255138804   -0.9226420291172819 
1.5599392695778136  -1.0283761584405802 
1.5188305583676336  -0.9186396175121411 
1.588933270800327   -1.09652006678471   
1.5922711661602416  -1.1639551062588265 
1.4799941037331472  -0.8421322922112967 
1.6781953547367547  -1.2                
1.4894057255505737  -0.8626295299682637 
1.5636318867776924  -0.9294255751634354 
1.6110782569941113  -1.178217373795806  
1.5809303079573152  -0.9943939445120087 
1.537688033696827   -0.9827077313408308 
1.5429367946287225  -0.960065333403634  
1.5269834400777695  -0.9526162070081822 
1.5488461617874048  -0.9243312348954611 
1.5625613005897698  -1.0208021957036983 
1.5192308052578452  -0.9165163566435954 
1.5433537387532754  -0.9404034497724485 
1.534545689176918   -0.9865802491903528 
1.5386591372187481  -1.014197673016109  
1.5319516046198298  -0.892131133852006  
1.5513906238499873  -1.0526315268408866 
1.5127087027778945  -0.9164596672823707 
1.530278684960748   -0.9220576441745354 
1.5223411361505605  -0.888903261863135  
1.6573125702459588  -1.2                
1.5631094885666226  -0.9577881680597665 
1.4995199785109878  -0.8976844170216846 
1.5600137747628857  -1.0459663032515    
1.5385280240081167  -0.9770842337955821 
1.564722621099151   -0.987903384565515  
1.5623876721917673  -1.2                
1.5620752107944793  -0.9404382924939122 
1.542856000142895   -0.9514999632519824 
1.5950919970556918  -1.0678604579681596 
1.55778592579834    -1.0075289520931925 
1.5184227993977668  -0.9072815334012785 
1.5559939263889022  -1.0029081745955752 
1.532823159447017   -0.8971156091321066 
1.5145439379643628  -0.904832912974676  
1.528638128693979   -0.9256907357159851 
1.47988956668369    -0.8591791169387966 
1.5591907924822788  -0.9954111715460247 
1.5450985828457877  -0.9551434686297895 
1.5855280461667074  -0.96858077777041   
1.5415246178893671  -0.9822815282037718 
1.5341684952790724  -0.9856949269091146 
1.5508254896321212  -0.9173943330714596 
1.5374556730025344  -0.9351696687194907 
1.530128030912676   -0.9104709486886066 
1.5199615541730254  -0.9055659868404244 
1.5396385195086502  -0.9230027933826267 
1.5851356766177862  -1.2                
1.5549542762933337  -0.9215517157892501 
1.5365173961040055  -0.9376877156145925 
1.5597790682315404  -1.0011263963125554 
1.4892860705226272  -0.8782688549582862 
1.5029963101440833  -0.9396755929892354 
1.5199051431871695  -0.9249002003051126 
1.5234074610915391  -0.9013259747190915 
1.499499055193196   -0.8726413700007898 
1.5108059142698842  -0.9224233229113735 
1.5692375187492573  -1.0152404120496772 
1.5607620669340445  -0.9878820449973915 
1.0                 -1.1663203639664328 
1.533096361201569   -0.8763963047859967 
1.5416534202197287  -0.9433542942347939 
1.5060308607122828  -0.9496335244437293 
1.536784202575858   -0.9272630683854008 
1.5738681861841468  -0.9607744078627223 
1.5623784289176146  -0.9432838571389794 
1.5541077186415666  -0.9656663849211811 
1.5437390073633368  -1.0222480404245131 
1.5162750026185443  -0.9303698397049698 
1.5319932968270047  -0.9054909693167379 
1.55433523257804    -0.9040989276280952 
1.5507905487476616  -0.9664054603461512 
1.52359637651811    -0.9538398769983433 
1.6001195646727067  -1.0695053723557333 
1.5755794193424482  -1.067565613288975  
1.5528009081025758  -0.9278336425524928 
1.5159744192744082  -0.8396287077590509 
1.4854397929434444  -0.8411915604671554 
1.5443156009932149  -0.9375411373797646 
1.5431598225218333  -0.929957795365813  
1.4863164620999116  -0.8581249735587132 
1.5368078939271632  -0.9538930165890857 
1.5459073787948425  -0.9322678915674703 
1.5443118114021888  -0.987387530707454  
1.5278223637034878  -0.9607946225166474 
1.5125428946776869  -0.9471566682345867 
1.6251924422154076  -1.1716110156440673 
1.545542465225366   -0.9508821290595578 
1.542788894863703   -0.9342697715966437 
1.5379915809534717  -0.9234788062871558 
1.544037184818182   -0.9382041468933006 
1.5256735832752644  -0.8709991214031719 
1.519585753641598   -0.9207968520870855 
1.5407571670517661  -0.9743356054781297 
1.5740804372296577  -0.9291736208436522 
1.5283406045865635  -0.9281534149176858 
1.537279835383496   -0.9678952009046162 
1.60828053704076    -1.2                
1.5290701593262241  -0.9312631490581273 
1.5471484063000973  -0.9996641274885971 
1.5612045111847026  -0.92794673947601   
1.528089541522421   -0.9173556734636935 
1.5564403911891567  -1.0251205550849958 
1.5744239525433008  -1.0685415626929686 
1.478592230119954   -0.8262749562574419 
1.5477287001776052  -0.9417226333377332 
1.5022631048372552  -0.9056159471999372 
1.516138808715823   -0.9045807345479395 
1.5778162354206624  -1.0657612386809943 
1.9939209613339468  -0.8                
1.643259923381407   -1.2                
1.542093256683775   -0.9117455620632882 
1.4738460919380278  -0.839457898440622  
1.517629740621887   -0.9229687801551651 
1.5176564308990361  -0.8915719802372425 
1.0339034056739074  -1.2                
1.5663783332901582  -1.0358993870728783 
1.569882941207544   -0.9410125723806655 
1.5565662397514675  -0.963962637062728  
1.5542789591703992  -0.9448174987686725 
1.538811459200022   -0.9608366044162698 
1.5410788964757085  -0.9175028318424295 
1.6483014144400767  -1.2                
1.5459918124034209  -0.9161696667228872 
1.6882760138386954  -1.2                
1.553739417489063   -0.9389657123993743 
1.5245507878714781  -0.9121477829457013 
1.5173354652875564  -0.9035120271069553 
1.5638121468052233  -0.9755051663255799 
1.5281308782354546  -0.9619740482438272 
1.5328777149557786  -0.9566830089821144 
1.600855860086828   -1.0942181018018462 
1.5024433704476583  -0.9074686556241576 
1.6242903587049489  -1.1829489029958435 
1.5496283484732452  -0.9392406530202972 
1.5355325834600329  -0.9498984596845481 
1.5367639488543146  -0.9141277152599303 
1.570335096329763   -0.9359520873133126 
1.4938933396513183  -0.8659795483012633 
1.558592830492298   -0.9321339941085467 
1.5315355798493444  -0.9335099284896758 
1.5298519256430971  -0.9419943432665332 
1.5280262582944026  -0.926172770461763  
1.5523267126796885  -0.9705303849756864 
1.5691709080199006  -1.2                
1.5417403465011634  -0.8715671481241664 
1.5498522104611936  -0.939108394270358  
1.5642291571052225  -1.0321048167332731 
1.5304374653364892  -0.8924473771837889 
1.5381456987901394  -0.9890347351750787 
1.546949370076387   -1.062673066901678  
1.5207682442129946  -0.9018373664907182 
1.5221885203090286  -0.8775425429600563 
1.5419445627050323  -0.9927052121554069 
1.544199557491007   -1.000884940856157  
1.5052229720817425  -0.9003096293559758 
1.6150226769163654  -1.2                
1.5942328843437141  -1.1222098136410974 
1.6688284930298816  -1.2                
1.5366425823206835  -0.9115737325437976 
1.5357366571242714  -0.9639967603622135 
1.5464347173808661  -0.9332834255286031 
1.5239448015131194  -0.8665576743003047 
1.5225646931796621  -0.8723842724943234 
1.5514372036308746  -0.9376807394478334 
1.5970340787207868  -1.1326860387772086 
1.5444855236600867  -1.0545638017262156 
1.5468363477682412  -0.9748072512835126 
1.6229674583113496  -1.2                
1.6217139584448703  -1.2                
1.490615363805167   -0.879053512411749  
1.521195559987558   -0.9615300875889147 
1.5411879238709214  -0.9343237992085636 
1.5377816295526452  -1.0083228796329675 
1.536499619076552   -0.9018850391732469 
1.5648715811517007  -0.9626003054113275 
1.5358013888500666  -0.9017435969080487 
1.5428490049895969  -0.9851017856651768 
1.4943703695519304  -0.8555152293448535 
1.579346356943055   -0.9482689521114157 
1.5181964992027794  -0.8886471022511567 
1.9999999999999998  -0.9374072830313794 
1.537285335627909   -0.9233518377166392 
1.5371545075472564  -0.9414726247971952 
1.5756987224926537  -0.9714307368610118 
1.5373579688339682  -0.9717040768582654 
1.5519268403818172  -0.9368243900367135 
1.530511265666071   -0.9162070832389025 
1.541756422882021   -0.9255873260384416 
1.6271718355810414  -1.1679879224945409 
1.626944582596273   -1.17030401125906   
1.5410790966477244  -0.9910096461294695 
1.528956025134936   -0.9342207533046688 
1.529916536307444   -0.9186150022952991 
1.551356042098222   -0.9602014029076832 
1.5460731556789207  -1.0126076603866117 
1.5532209248627313  -0.9277436927256394 
1.555576954143536   -0.9359026330265284 
1.5605039587888163  -1.022710099941081  
1.5520755202666126  -0.9240768911679479 
1.5372048199318564  -0.9740356094531761 
1.5498684771651452  -1.0286769933610085 
1.5420262084259138  -0.9885360194322748 
1.5411936371278654  -0.9473212927159265 
1.5276073374355137  -0.8961090240644867 
1.5648357068506793  -1.0276306294053454 
1.6003039616749324  -1.078606271469658  
1.5893945915264212  -0.9889906785576039 
1.5365261400693053  -0.9381872921827157 
1.5348702220284893  -0.9164055175408669 
1.5184025438078401  -0.924491816807284  
1.49138272884731    -0.8779705825549295 
1.656084918678494   -1.1990710365605892 
1.5413105499181963  -0.9350414870210642 
1.5304655506648006  -0.9179850000386482 
1.5154553435116955  -0.9129464858964705 
1.534549211227513   -0.9143778956096089 
1.5149174774304939  -0.9070811573790996 
1.5027606473083228  -0.8889652114682999 
1.5611671061006518  -1.004892393298152  
1.5204054675379253  -0.900543861069113  
1.5738899540620908  -1.0859520572815398 
1.548232829650982   -0.9438895613696568 
1.562340649843164   -1.0030281588956824 
1.5266602912642722  -0.9358424679628785 
1.5450312107322282  -0.9465899296727565 
1.5946534537996044  -1.0469558484454062 
1.5168752374748589  -0.9628177331063348 
1.5727204028172364  -1.1288052645649513 
1.602969952003506   -1.1993598498097027 
1.5379491678219128  -0.9542252812026327 
1.643696878326037   -1.2                
1.5304113539871254  -0.9934101347461192 
1.5382001574191642  -0.9519920281462123 
1.5207960772778033  -0.8780529256568794 
1.9999999999999998  -0.8913601109676275 
1.5312282781121085  -1.0011902531757861 
1.5060064376451887  -0.8922166761129354 
1.5036175369478975  -0.9061166172922798 
1.5088016550742318  -0.8921079310385773 
1.5048224267788304  -0.8731865120521594 
1.4916786987149828  -0.8708080033133319 
1.5319160431691554  -0.9182824472804128 
1.5842754875687086  -1.0955126908496213 
1.5294013468647998  -0.9387339481604479 
1.5351450106770261  -0.9880039398182527 
1.5968739793203495  -1.2                
1.5189121917203492  -0.9197375200645184 
1.5711714212804437  -0.9257640051273073 
1.5547261251666282  -0.9343314914963593 
1.5418621025471977  -0.9475825189126428 
1.58556817634161    -1.2                
1.5378890675227346  -0.9665438029620167 
1.5269060989895427  -0.9505585570287757 
1.5712181874087965  -0.953879002824584  
1.5740996887721965  -1.2                
1.5528174613394186  -0.9819165447221165 
1.54844778183918    -0.9793934146016039 
1.6443768119856859  -1.2                
1.5608104064099435  -0.9845382049912587 
1.5588147925173566  -0.9830110135259531 
1.5471815957435633  -0.9522009056991554 
1.572116495747514   -0.9434984882577794 
1.5446486451061792  -0.9578902234291603 
1.60954028766206    -1.2                
1.5126172947350465  -0.9184808872799717 
1.5009974163714892  -0.8817363190626332 
1.5113708534971875  -0.9008458361034539 
1.547558724065857   -0.9946672083229695 
1.5365514099187898  -0.9563095251165089 
1.5227533876486536  -0.9135212180710863 
1.537396062613978   -0.8978116081896671 
1.4828075347289749  -0.8713438649397718 
1.5488480608612614  -1.0043755756917325 
1.5418304277008927  -0.9159662246198346 
1.517092696147625   -0.8818743918566829 
1.556452666013455   -1.0194308474431666 
1.6087618536364332  -1.2                
1.5354088685336806  -0.9849359383059152 
1.55363164575291    -0.9580888104618576 
1.53073016879766    -0.9174409630983614 
1.5670906244173073  -0.9735660250704513 
1.5736741037481174  -1.161823249370909  
1.560978626630011   -1.0336693065375893 
1.5386056991067978  -0.9457246282175134 
1.4866741697074388  -0.8584698213801989 
1.5615096480408575  -0.9279392461468521 
1.521615571888209   -0.9167895380835862 
1.600629975232793   -1.0291716071881445 
1.5539849843573592  -0.9892091014883443 
1.489581420169685   -0.8879412643352212 
1.5314969054652163  -0.9422704786120731 
1.5244582586385693  -0.8961295680715794 
1.55600551802204    -0.9321491187241123 
1.5461740069566194  -1.0182375023617813 
1.5018097283720786  -0.8955625624293302 
1.4729114409245407  -0.851544067896306  
1.657554426170055   -1.2                
1.5169915341523847  -0.9350370062201672 
1.5810265947865014  -1.0776949410031402 
1.5662894246026076  -0.9595000250937805 
1.5447802851964536  -0.9348415438842954 
1.5862658721929317  -1.2                
1.552131733980604   -1.0513207435731915 
1.5408319922226388  -1.0039362892296015 
1.5289814699987192  -1.009030220807778  
1.5504812371837375  -0.9502592743854045 
1.5019232908236742  -0.8811813257038112 
1.564633019659222   -0.9413354656251381 
1.4970707315195817  -0.8676137236366345 
1.5006862066435551  -0.8572585048455251 
1.5472881908786607  -1.03506345517887   
1.5348779546553155  -0.9358067848587843 
1.5098646613754525  -0.8459912380164277 
1.5455197700479353  -0.9233183871129311 
1.5806289930147681  -0.9661594040924888 
1.533428757924611   -0.9838302304999291 
1.54025486813969    -0.8750713336942482 
1.5224061224639391  -0.8950853818094242 
1.5153534082315867  -0.888578608997833  
1.563655323363812   -1.0584044698116997 
1.5938339735307328  -1.104092211317631  
1.5421940802686098  -0.8986937687292745 
1.5382463679584808  -1.0084950842702871 
1.5321350417039195  -0.9396854032697082 
1.5435461443789422  -0.9832843326552708 
1.5640391850220967  -1.0003472405883738 
1.5360228610946796  -0.9867738955436844 
1.526884298946059   -0.9234665431868149 
1.9599454065351245  -0.8                
1.565689397654513   -0.9197441568407485 
1.538016043588578   -0.9107393169364506 
1.5475409273938747  -0.9250862819595447 
1.5659383401130365  -0.9878764144598485 
1.5187866143085098  -0.9335194820199154 
1.4962450863987897  -0.8444614815312818 
1.5486644837823733  -1.0082835070005307 
1.5158097606087593  -0.8722674405645348 
1.5323453598378483  -0.9259988390312289 
1.565402129332546   -0.9920382558706509 
1.5249657431080976  -0.9221805883326646 
1.5318859724673475  -0.9273132529862863 
1.5572994768280701  -1.010815437413045  
1.5367459057497905  -0.9118923128698696 
1.5505979522569286  -0.9830264608863168 
1.5593164406053395  -0.944315362965522  
1.5345004018691493  -0.9753892694478805 
1.5312987443511625  -0.9072133480654796 
1.5552259167271276  -0.9593145704181287 
1.5476592932390825  -0.9710923202142087 
1.5160321684888016  -0.9497113558286837 
1.5627460244177396  -1.0539313915629924 
1.5872824964003975  -0.968883046057778  
1.5569228461595301  -0.9770577967787077 
1.5347380444777374  -0.91599370220409   
1.538045050448757   -0.929287482160178  
1.51709590561112    -0.8984627141605722 
1.5154205979319106  -0.8900684098929376 
1.5648012642035938  -1.0437549956011227 
1.5364809113224156  -0.9107274189002614 
1.5520863811353236  -0.9499043977882284 
1.5903269395570048  -1.1228700445309086 
1.5111337331523162  -0.8663195620770862 
1.9470408245919333  -0.8                
1.5584398074643546  -1.0896357020839054 
1.5715112855788969  -0.9280429505413695 
1.5351392401969612  -0.9135039095049567 
1.5242506362015062  -0.9181281429273995 
1.563728984117246   -0.927437159187711  
1.53986479644491    -0.8779810496184444 
1.6065920780547047  -1.142124118391794  
1.5748867327824148  -1.0356930985142752 
1.5528510554895252  -0.976532699490432  
1.569200351402572   -0.9417960996886863 
1.5232562683743662  -0.9007162826042141 
1.5483396347191936  -0.9329566075483797 
1.6036679611267262  -1.2                
1.5026284532260314  -0.9082128971368866 
1.5534717349630394  -1.0331138240111581 
1.540725366728775   -0.857689132235848  
1.643309943345992   -1.2                
1.5392024058800655  -0.9195995024508273 
1.5517153222636455  -0.9547392042083496 
1.5607229515385979  -1.0557564651939209 
1.5934700756391207  -1.1082982769058516 
1.547650061113248   -0.9197138475370175 
1.6393625567197208  -1.2                
1.5874707806703863  -1.0088423223292946 
1.5333047453377988  -0.9440262461634132 
1.5303950790643077  -0.9606200237933313 
1.5879224363083255  -1.2                
1.552398958024049   -1.0390458772086193 
1.5355809700145477  -0.9221927260713713 
1.4966789366758535  -0.8707223599623837 
1.4732367391777768  -0.8327772696265889 
1.5628748880952807  -1.0197834953040281 
1.5755567415855847  -1.2                
1.5245324226158186  -0.9026227474596785 
1.5470881527640463  -1.0079339369447    
1.5333528520788893  -0.940552305064387  
1.5295076560214789  -0.957667212398243  
1.5050228137444572  -0.8617820236928658 
1.5635101410088907  -0.9156019088845828 
1.545660187975682   -0.9894721767294781 
1.5326048396654455  -0.9148190864404067 
1.5279235555699684  -0.903847489275528  
1.5487781305165702  -0.9160117407319566 
1.607233570643662   -1.2                
1.561439346501792   -0.9863906922258723 
1.5198392998091426  -0.9399907746738357 
1.9576549365400284  -0.8                
1.5283880564190269  -0.9354006887312615 
1.5217831472113628  -0.9929153019828484 
1.515411000568948   -0.9272950018771227 
1.5953289005536755  -0.9959797792008054 
1.5445121248499423  -0.991237754705769  
1.5356299713036632  -0.9058902134161393 
1.512467576730615   -0.9324095649851839 
1.6241625650064513  -1.1780096746727848 
1.586213097618904   -0.9869328014066874 
1.533788711355994   -0.944928820931436  
1.504420985451367   -0.8680857108059357 
1.529053864907631   -0.9429984531487966 
1.5553683091336141  -1.029644625173456  
1.5869665351672113  -1.2                
1.5635331444587557  -1.0516080028103605 
1.5315956013031171  -1.012719523412219  
1.5169858615927556  -0.9253120161506998 
1.5290743843856882  -0.9095547319348092 
1.5074996669112508  -0.8920008960578673 
1.4387757989964236  -0.8124072480158369 
1.5304908385682554  -0.8762732731713274 
1.5296969431487855  -0.913159010124311  
1.539572026553431   -0.9720993972315879 
1.5596196649082168  -1.0139937874825318 
1.4409962319758174  -0.816081759316645  
1.5235608868187906  -0.9266909024327555 
1.5687409710503402  -0.9386104840257994 
1.535734815242326   -0.9476503562030832 
1.5384183694221645  -0.9046560754960784 
1.5353684679010786  -0.92556965938612   
1.5638569113683491  -0.9873812709369807 
1.5489508927228577  -1.0239186687750659 
1.5609053346515307  -1.0289226785851624 
1.5572121745945342  -0.956195410234307  
1.5754045366270018  -0.9818670877434479 
1.5557466144202885  -0.9123498419681493 
1.5215187284889424  -0.9156138176868887 
1.5321996374602154  -0.9182215504923388 
1.54528703713871    -0.934663329799149  
1.5809716313071887  -1.2                
1.5851507561904536  -1.2                
1.5459302343048849  -0.9211649053289168 
1.5344263218328     -0.9246808947568486 
1.5153548825567378  -0.8714855317234589 
1.5686365264826765  -1.0117443306942824 
1.5517424247725202  -0.942733999698292  
1.5449406332649394  -0.9664073136268767 
1.5496226730871783  -0.9353602680695186 
1.4614328599516615  -0.8158696094696142 
1.610508780252752   -0.9500582682471058 
1.5412375313115665  -1.003649616218149  
1.540565778169863   -0.9176478365474987 
1.5552974395168573  -0.9122105110926282 
1.5500078832460271  -0.9326594248019029 
1.4834845430244405  -0.8765523481584938 
1.5506256284311941  -0.9535822496683884 
1.5165563526313193  -0.9009132747358557 
1.5171739807880584  -0.9942798940522468 
1.5322594211940976  -0.9796515739832392 
1.533123280880793   -0.9307612790953386 
1.5401349643221767  -1.034191897800694  
1.5531129431872222  -0.9142724567711292 
1.6245227343653448  -1.2                
1.55139080535315    -0.9515914996395247 
1.6174232390695502  -1.2                
1.560897624184696   -1.0331961060886137 
1.5607961285753047  -1.02204464078171   
1.5671523093166198  -0.9142302711189121 
1.5749691460340176  -1.01952339295592   
1.5643408150566918  -0.9266705480729552 
1.5549715880602764  -0.9946629988539055 
1.5294810256009628  -0.9187289256859874 
1.5088036078988805  -0.882195185590907  
1.5484048082491875  -0.9753428096919102 
1.5368981696396873  -0.9416105661655098 
1.5067762845734183  -0.8712890291766605 
1.5786027963259892  -1.054276896665451  
1.5469472510549425  -0.9325983034729    
1.5458562169402201  -0.9520886052194396 
1.5393561614445592  -0.9117224538779862 
1.5491143732507549  -0.9721612122820317 
1.5403546489226334  -1.0321882492373349 
1.5113357130749407  -0.9030489650364477 
1.4855153058091373  -0.8392336685893357 
1.4569858996544487  -0.815753054165021  
1.9762509412647904  -0.8                
1.649639613960736   -1.2                
1.4743552752402973  -0.8462652548023115 
1.5125037024862447  -0.8845191338032204 
1.5603068420643023  -1.0407238555416294 
1.5741360425551305  -0.9454126009468332 
1.5402135482015906  -0.9992152594507262 
1.55434251860572    -0.9156445286847488 
1.5448615929558256  -0.8834990819948481 
1.5621981331201702  -1.2                
1.5379274933050977  -1.0023357370397716 
1.5340248861074657  -0.903897861551905  
1.5771692510351938  -1.2                
1.5712135337780169  -1.0376397597112699 
1.5372519819160664  -0.9954129797858042 
1.5375526231962025  -0.9489601246041992 
1.6361469160489697  -1.2                
1.4766999821828968  -0.8408121605146606 
1.5585437401119984  -0.9782419414377641 
1.5073247171864597  -0.8732143255494342 
1.5461710415746803  -0.9180691489554992 
1.5946487723373723  -1.130714265315117  
1.6618050591392042  -1.2                
1.5268303251319058  -0.9565738248434633 
1.5433242400860556  -0.9536618120347595 
1.5842254940520868  -1.1230529207135789 
1.547507988157362   -0.9616864395967634 
1.549676294300528   -0.9411981511094178 
1.5267599341636766  -0.9414396557553376 
1.5315949948590317  -0.9326282234922005 
1.5211879134269466  -0.9226769591915278 
1.5150659711488879  -0.8785569983653474 
1.5562288326301823  -1.058821717505775  
1.540709835345927   -1.0328932475655983 
1.5564853899843125  -0.9358938473153515 
1.5590037907251626  -1.0113948430135442 
1.5391156503049068  -0.9308164732637291 
1.519184575233147   -0.9546863389399515 
1.5495662206530472  -0.9498504939544645 
1.5321868316752387  -0.9030722602707124 
1.5069012108438362  -0.9135282756174387 
1.5378707112153576  -0.9569679824521233 
1.580611062461771   -0.9523919055291646 
1.546006055809685   -1.0377571730037858 
1.6266323323893797  -1.2                
1.5417437526334694  -0.9477468525961463 
1.591288876335874   -1.1444114144077502 
1.4907186076609789  -0.8605462131452726 
1.5856696821602576  -0.9753124056602062 
1.539226125380638   -0.8939185233145451 
1.5565313014107778  -0.962891702335608  
1.5353364991187985  -1.0281331947324917 
1.5262045642789388  -0.8930761824206926 
1.5031284608474276  -0.8480848033181164 
1.5547345484387451  -0.9857327201690891 
1.680669451704307   -1.2                
1.0                 -1.017195432776139  
1.564076569867703   -1.0465979427723469 
1.5589716925260642  -0.9797113336371929 
1.5747985985932274  -0.9649000633083994 
1.5952090326796198  -1.2                
1.5511666462120046  -0.9648169681853139 
1.564576815773415   -1.0129296539088704 
1.5659383986427924  -1.0063951285027666 
1.530468954900976   -0.9178744293073827 
1.4888269119921822  -0.8581026552642177 
1.5361513550990975  -0.9255374665047429 
1.5311773964633273  -0.9029549900176952 
1.5716907044997301  -0.9250813801482044 
1.6142571228057054  -1.1352255313489252 
1.5407600960896504  -0.9575362609657294 
1.4807192517912122  -0.8791209397781524 
1.533617229734698   -0.9077626520978239 
1.542580015385984   -0.982304067360799  
1.53585359989553    -0.9415354831552403 
1.568498642356462   -1.0302110309269865 
1.423714037240424   -0.8067313179810598 
1.5556750250775138  -1.0319934771107813 
1.5652602720316602  -1.2                
1.5891377726656901  -1.0889709468051931 
1.6056988086108104  -0.9852561368991902 
1.540606651360697   -0.9272887829078154 
1.5019005413160345  -0.8825175001387975 
1.499613529374848   -0.8682782375610316 
1.1044652934393888  -1.2                
1.5398512409217249  -1.044698625972802  
1.5259039895715067  -0.9272901557364068 
1.6553951033782086  -1.2                
1.5294777385898959  -0.9044018546199103 
1.5388348221668429  -0.9346238853559313 
1.5000204654257039  -0.8956834055438248 
1.561898268637649   -0.9519330154248122 
1.5560811116172242  -0.944072637942549  
1.5632521509072554  -1.018980468539513  
1.5169400090891823  -0.8897516330839065 
1.5270450182277906  -0.9301303135680972 
1.5385546021965912  -0.9570555005697183 
1.5511642300323703  -0.9244141804992129 
1.4407911620245755  -0.8138674366658941 
1.5252696494453153  -0.9480526410578911 
1.5940127044935333  -1.1456104123850057 
1.5590391300647872  -1.03091478654773   
1.5976030313706706  -1.2                
1.5572544636457273  -1.000946970482687  
1.4828047445465375  -0.8582808373202576 
1.552674160839438   -0.9099444280180654 
1.541963884402468   -0.9041666336665887 
1.1020385519782288  -1.2                
1.6239022006664077  -1.2                
1.5377974915561898  -0.9701478657701303 
1.5340943269743865  -0.9923694291331189 
1.4649448642543714  -0.8340716409876721 
1.5682805561438382  -1.0342285367488606 
1.5720941479970916  -0.9721415838647273 
1.5272282576537952  -0.9660563361497232 
1.5027301530558526  -0.8752796428723988 
1.5240031055317522  -0.9340183773958219 
1.5508227812681539  -0.9787136869418609 
1.5412585520700988  -0.942725886698863  
1.5680020802464973  -1.0575297369656875 
1.5079282559656373  -0.8813390641430702 
1.541883577289409   -0.9350094002185918 
1.5419806926843054  -0.9050099234716023 
1.6002253880704176  -1.1839515466176138 
1.5731150068487956  -1.1350330921889777 
1.54729976274959    -0.9239635114994437 
1.544718929425248   -0.9329253787323846 
1.5579941527205996  -0.9911951018451134 
1.6181991239452531  -1.2                
1.5455534290835247  -0.9505984608973193 
1.5149663500413317  -0.8765545272577607 
1.5256715261606677  -0.9012284691883496 
1.550821855960968   -1.0094678330492965 
1.5484679585823686  -0.9471195774444101 
1.5285356176256448  -0.9621931516419762 
1.5442636508840768  -0.9176362083723918 
1.6100406080349383  -1.1665745868736308 
1.526174049951171   -0.922022700865744  
1.550003868482714   -1.0042798804464939 
1.50970378306496    -0.8900445635684757 
1.5290609233083323  -0.9686834884448574 
1.5397812342133852  -0.9512113102449361 
1.5055896760040854  -0.8927733104963916 
1.5321297975698538  -0.8964876805025953 
1.5691871187551711  -1.0220996748225621 
1.5453570670665329  -0.9381179804812552 
1.5496870899551463  -0.9558305715813514 
1.5330574842961837  -0.9526593036691008 
1.5843265002731672  -1.0559557288532309 
1.5526926688219775  -0.94217462679323   
1.533472462349022   -0.8982049819646529 
1.576181495582958   -0.9674787963691325 
1.549076363929684   -0.9511182113943829 
1.5454344112742182  -0.9162596176095394 
1.6186111548020339  -1.2                
1.5313663714029726  -0.9233098096109761 
1.5363878442658567  -0.9918069520973684 
1.5438333463553033  -0.9593095696339574 
1.5398823041189726  -1.0131589522034792 
1.4925271980457218  -0.8850957503861362 
1.527597175994874   -0.9397020389111087 
1.5061456380686011  -0.9037168148718909 
1.5365701038658857  -0.9875035281711451 
1.5304454175661872  -0.9115568263809104 
1.6142085540746458  -1.199901577972951  
1.5453010949456387  -0.9441122327902838 
1.5481549045115064  -0.9305889181251962 
1.571751926354855   -1.0015942091555903 
1.5502278559848408  -1.0401801545050715 
1.5347535562276486  -0.9544722169655679 
1.5662363599657885  -1.0034442578693326 
1.5309461244314135  -0.9411646955080476 
1.5012419871860876  -0.9009822167831156 
1.521092915886207   -0.9002747550624184 
1.5408866838484074  -0.9539747051386464 
1.5262046370976983  -0.9374131156177398 
1.5412649163109902  -0.9482055155958703 
1.5205733898652234  -0.95559751259507   
1.5197817248354786  -0.9052959172439358 
1.5740632904779317  -1.037545976077325  
1.5435476576376688  -0.9430098282154131 
1.553205858452177   -0.91826339925218   
1.553820690073352   -0.9724137832900835 
1.4954922347357924  -0.8833491688824585 
1.4849241100445012  -0.8513224302073097 
1.520049602687189   -0.9053032462541556 
1.5484095306632077  -1.0262789041781273 
1.538281957177441   -0.9680854341187692 
1.5462008432788548  -0.9284543597942502 
1.529332969742867   -0.9286692280355223 
1.565451541495398   -1.0371957654706423 
1.5793027060892668  -0.9381041584932495 
1.5390355907988456  -0.9078730127465545 
1.5804051275392297  -1.0569394661786626 
1.6056657903351492  -1.052738903074394  
1.492338167635158   -0.8683013418139542 
1.4853408858225121  -0.8448052450774788 
1.5280045604048813  -0.9616330358734483 
1.536057204964752   -0.9287826018675143 
1.5654292112248092  -0.9803520255074485 
1.5135451946777077  -0.9132614547807253 
1.5472197238991674  -0.9627814523436338 
1.5493228977087725  -0.928017668690422  
1.5224256069442654  -0.935301205281312  
1.5175372045958113  -0.9627482014552042 
1.5353524259977078  -0.908735862755931  
1.522942044658077   -0.8916495967688775 
1.485254580759583   -0.8487270776662297 
1.6492232873391695  -1.197175105180451  
1.5439264944729432  -1.0490479872805718 
1.5445904888534763  -0.9456653432196167 
1.5055915798606228  -0.8481197622609182 
1.527740684165807   -0.941485040159234  
1.5781015355219536  -0.9616636997870205 
1.6536910852660107  -1.2                
1.582653354923374   -1.0382628128071303 
1.5398872198991027  -0.9802067597336986 
1.4378575918469658  -0.8017860800365368 
1.6065425873282377  -1.2                
1.5793459283539713  -1.1728628040106597 
1.5281046985970708  -0.9522824211063715 
1.6584352198168044  -1.1931453985676428 
1.5465937768634137  -0.9454790779859091 
1.5537895567892472  -1.0151152951951843 
1.5466753765814496  -0.9264336991805513 
1.504626523006036   -0.878690205563712  
1.583128669370488   -1.0746605823069455 
1.5211699439877755  -0.9392705453163971 
1.5775698686673618  -1.2                
1.581677327781388   -1.1218814116783593 
1.569888925186477   -0.9466396456513921 
1.5351668635506543  -0.927459062984699  
1.5315587256512235  -0.8995311573081438 
1.566221755013697   -0.9858339582299154 
1.5511244676600766  -0.9412174128071696 
1.5415059845020993  -0.9703330811110177 
1.5488058153043038  -0.9835336760503891 
1.542631514950655   -0.9699272036941714 
1.547050095453895   -0.9717540362447935 
1.5580467074718105  -0.994737379916475  
1.5297384555438889  -0.9386659122335098 
1.4600664821673233  -0.8276984892183309 
1.5236807350474102  -0.9051906355948103 
1.5494761677262472  -0.97091606497554   
1.5347350870963     -0.9148596395834727 
1.558593801036401   -1.0089623050419554 
1.5841715953850162  -1.0015753496461695 
1.528980583383157   -0.9531351714959336 
1.549641530732079   -0.9681910329573387 
1.5212020495057659  -0.9295969788484134 
1.6242513800007845  -1.2                
1.5356609169634283  -0.9048284152680995 
1.5346322222828421  -0.9243835360127627 
1.5457008692499103  -1.0054262786941333 
1.5213373080918724  -0.8935660611246461 
1.4348543358993977  -0.816806335822967  
1.510496209019547   -0.897620707084456  
1.612833135031191   -1.1679983142593264 
1.5687102999557891  -1.0387366294106826 
1.5427696558236357  -0.9149427753465591 
1.5120872749174166  -0.9250839670627129 
1.5490195085120835  -1.0251286872440892 
1.53877888135368    -0.9830601662752432 
1.5242973642573965  -0.8714372102612318 
1.5356690429362863  -0.9461273460683354 
1.543911479853281   -0.9347409875740951 
1.6080103418133926  -1.0462140263420012 
1.5738543602795225  -0.9455331340291113 
1.553025341299791   -0.9542296753788476 
1.4679372499790184  -0.8291230269278069 
1.5647936200040191  -1.2                
1.5525302441873625  -0.9864570757435914 
1.5641977963429932  -0.9463918645446364 
1.5671782905483878  -1.0228075826057352 
1.5610426849515748  -0.956032826383348  
1.5211735383305298  -0.9211603441068899 
1.545762150348014   -0.9587769646390163 
1.6042375471349213  -1.2                
1.5101294747362373  -0.8931708920951704 
1.9999999999999998  -0.9358249304986227 
1.965152594300001   -0.8                
1.6214903947470802  -1.2                
1.5438860728324362  -0.9374000764108055 
1.5373320244363196  -0.9886566908207872 
1.5421588012508662  -0.9964950938021353 
1.547624701105159   -0.9433893180824162 
1.5355513924162805  -0.9014418476129974 
1.5058814181920863  -0.8958438921051162 
1.5110044376657916  -0.8769288719148659 
1.5265725710596734  -0.9178819904392502 
1.5206996186639787  -0.9018532213349365 
1.5441399060831493  -0.9231476899936768 
1.516454993916282   -0.9000864910356228 
1.5468982711450951  -0.9636311126998329 
1.5762518877544842  -0.9885709016746048 
1.5539241566714361  -1.0013427648033804 
1.5766728761548359  -1.0225830778972342 
1.5819510226015496  -1.0241213618137375 
1.513742863131649   -0.9730644261664313 
1.5408487672316993  -0.8991746288275662 
1.5446981319934996  -0.9230452102035216 
1.49683858119769    -0.8686104655699161 
