a                        b                        
0.892979268651138        0.47415002279832713      
1.3389847119832414       0.19868399498476486      
1.2077709517798332       0.21235905628389024      
1.0188336594162435       0.34883025043187604      
1.3916223104711896       0.19883024376136643      
1.007749358609121        0.9881982429404655       
0.9124971680020066       0.48230236882750405      
1.3009457605120889       0.22531159763713315      
1.3809416713997011       0.2203657795488999       
0.889164022566083        0.49129487225176005      
1.0081628972813423       0.9881982429404655       
1.3602600319261486       0.18371096393486597      
0.9140981191045698       0.4739776013307331       
0.8634739255074431       0.4663032312307114       
1.380412957769889        0.22233582417831121      
0.8728792903487822       0.5050454927337141       
0.952020897057799        0.5130378138326633       
0.9118459586827413       0.4593570112845722       
0.8659212133347745       0.48568380055138216      
1.3817206806590072       0.20264866259266945      
1.4457020548418338       0.19464048288902458      
0.8561362194340996       0.48338667931222074      
1.316148507191983        0.19622692786921486      
0.8799693701205099       0.4673660799828729       
1.3518173603422323       0.21149840849217771      
0.8903229963976306       0.47123118406324266      
0.829555940812573        0.4495126163556635       
0.8525901148219056       0.5093814759468199       
1.3290158770438658       0.2005041517895083       
1.5158003481901958       0.21394901121961818      
1.3826366510079777       0.20855980964001225      
0.8595261515634625       0.5135222215289156       
0.8416428117824066       0.515999459739205        
1.3441446307095468       0.20936730076113597      
0.8784322117433746       0.45162123973504764      
1.31756843910923         0.2559795328085884       
0.9512256385090371       0.4652929791116209       
0.9080144031505186       0.4644215469195915       
0.9418472923085366       0.47480219900316256      
1.3170060495041818       0.25227207201240626      
1.4246756995994991       0.2355990933710425       
0.8729756619739889       0.5000081484562342       
1.346443956655228        0.2109926052806666       
0.8287233491645006       0.5095634785099309       
1.2986094453865198       0.2446064959094027       
1.2845926019466818       0.23280499396654658      
1.2457359960627432       0.2824521162065755       
1.3119808078685213       0.2148497618176849       
1.3379446544530453       0.2104948367471739       
0.9070654378558173       0.4865217863812343       
0.8708513791739398       0.45624031533572296      
1.2498670656192612       0.3010685434916641       
0.8350265234004897       0.5377914724486531       
1.3554093848836342       0.21442072359389136      
0.918891725360429        0.5514746331599554       
1.3521868660304939       0.2186668072809282       
0.832486893771734        0.46422829370595836      
0.8711268157963157       0.5018748931597015       
1.399675209324678        0.21995601609054727      
0.8887363955746017       0.4809649835149846       
0.92624028948899         0.4943353917562095       
0.98531122963277         0.9627165319569775       
0.856977961540951        0.45054409946908847      
0.9040652751501675       0.5187138253633594       
1.424819804951888        0.20503874786740522      
1.3366660675718207       0.22140196625546232      
0.8745032618037544       0.4775721907776187       
0.8754573473135814       0.4406241177268697       
0.9105014868997126       0.44285179328509916      
1.0303919464314861       0.9384670179563743       
1.3051188033044112       0.3033342055790521       
0.889335560489097        0.4863197052047107       
0.8841376821928871       0.5056001332673181       
0.9974396973962641       0.9881982429404655       
1.6009948918067283       0.184913348563973        
0.8995835096866138       0.4530676925747555       
0.8720374073214022       0.42130003084301687      
1.3142700133816494       0.15770569957705244      
1.2644861944274326       0.2203518086123068       
1.154207757320788        0.3480809176351914       
0.8795041654901625       0.47793526680697246      
1.3700963561440762       0.19063714048171498      
1.406393514291958        0.18879721879656264      
1.4489414016598683       0.23662783665300352      
0.9461548694667302       0.4728816248798692       
0.8876070755937269       0.46707479152754666      
1.3392615276048059       0.19317635145014594      
1.3076244093192841       0.23884093074752843      
0.8708192244455986       0.45516372051337156      
0.8591861090436032       0.48655578596479415      
0.8496632332573608       0.4786409102718212       
0.8874147272267503       0.45707008186203546      
1.3701430400419867       0.20197961076751453      
0.8943194825824236       0.5059231176281974       
1.0250176486389264       0.365683737256827        
0.8890579072127445       0.46820359712740434      
1.2872350902960443       0.24926507312555352      
1.0141070528839449       0.9881982429404655       
1.3666459806472406       0.18359901947996193      
1.364145040111227        0.20437288034688872      
