a                        b                        
1.4993961446258837       -0.9996122230955102      
1.4998982859322747       -0.9995698995966305      
1.499432951757497        -0.9998172688638901      
1.4999637687077452       -0.9996310903674177      
1.4998809288185602       -0.9992962387999081      
1.4995596347365978       -0.9996024232428491      
1.500183317006694        -0.9994310433219633      
1.4992943473991294       -1.0000454339039535      
1.4995309731832238       -0.9995173203128547      
1.4995162540487965       -0.9998702975330961      
1.4995041162814144       -0.9999459900846053      
1.4999638821769588       -0.9995115703119922      
1.4994589516348586       -0.9997917246389768      
1.5000334748487631       -0.9995734343575929      
1.4992901798362048       -1.000018111157903       
1.4998577846477845       -0.9994375131267609      
1.4999356994016426       -0.9995229382002966      
1.4999333416553624       -0.9996406330327271      
1.4993566491419261       -0.9995601291212426      
1.4987457890106926       -1.0003251816398         
1.4997042368283737       -0.9995122400161067      
1.4994734891345713       -0.9999650234884548      
1.4992482929347333       -0.9998666675830166      
1.4996899813693034       -0.9994553365873055      
1.499830192826373        -0.9997489060220051      
1.4996226448692007       -0.9997838661522727      
1.4990796410654625       -1.000250704169883       
1.4998272545119922       -0.9996420137492082      
1.499741160363192        -0.9995395213051517      
1.4996009925727034       -0.999608133966204       
1.4988856390412417       -1.0000025791532432      
1.5000035052158796       -0.9995858193063256      
1.4994963478576677       -1.0000480847390834      
1.4994186659142583       -1.0000587795156095      
1.4999869501649268       -0.9999050944011172      
1.4998253268300412       -0.9993841368074072      
1.4999976747846033       -0.9993777644763888      
1.4997370628386566       -0.9996074096110947      
1.4997158610801362       -0.9993560836358851      
1.499931465016259        -0.9993749518365218      
1.4998035060069932       -0.9994617583812168      
1.4997856478438356       -0.9996672179983312      
1.500272859574428        -0.999201699364344       
1.4998575432878778       -0.9997112394508846      
1.4993379159878133       -1.000031559857903       
1.4994977180535038       -0.9997893629181593      
1.4994077040057021       -0.9999073090936321      
1.4998939365624353       -0.9996999325177679      
1.4995733537934248       -0.9997440640463162      
1.500208937339886        -0.9992802076620607      
1.4995216264769924       -0.9999023067568924      
1.499632544412976        -0.9995069447627501      
1.5000750368454885       -0.9996315617451736      
1.4995939066337722       -0.9998309827887448      
1.5001365067705184       -0.9990763797315863      
1.499685596593041        -0.9995399968628399      
1.4991638051098184       -1.000134402897694       
1.5004188605561095       -0.9992531930000937      
1.4996109340552854       -0.9997725752314194      
1.499380492248524        -0.9998188459769897      
1.4995748704557628       -0.999858344651673       
1.4996719774013565       -0.9997073825681383      
1.4993079453968483       -0.9997298990615767      
1.4997095361902497       -0.99967490547033        
1.4993690510863673       -0.9995624290092086      
1.4997536645680742       -0.9993582890750119      
1.4995380656958905       -0.9995209562489771      
1.4996063385641132       -0.9998434215059494      
1.499795284619696        -0.9996079048738105      
1.4993956101437573       -0.9999989668900997      
1.4992265741270863       -0.999949599257767       
1.499902743376003        -0.9996287261415416      
1.499665237132559        -0.9995155674287194      
1.4994422280360176       -0.9998812590289582      
1.4999177423730896       -0.9999183643339878      
1.4997022444131949       -0.999642258016096       
1.4996399793766912       -0.9997986020406648      
1.49939163148026         -1.0000514629644635      
1.4996454706875686       -0.9998357287835704      
1.499384052199564        -0.9996332996247912      
1.5001199298632262       -0.999390438215032       
1.4990854750817593       -0.9999790248190297      
1.499485217524236        -0.9997369928774591      
1.4990067649060042       -0.9999457013687149      
1.5000585812940308       -0.9996036412118454      
1.499406571805864        -0.999822715586271       
1.499567736880582        -0.9998266583393719      
1.4992385777825403       -1.0001710198066387      
1.4993887555869756       -0.9999604547151036      
1.499267000693637        -1.0000011221129597      
1.4998299928867411       -0.9997373906585683      
1.4999386887196182       -0.9996359725229147      
1.4997707648138794       -0.9994757146133982      
1.4998709088627447       -0.9995464544585685      
1.50007026965435         -0.9994436166432819      
1.5000402208883155       -0.999506650581297       
1.4998831132005608       -0.9996951551491927      
1.4993937982398708       -0.9997862469542317      
1.499602656582837        -0.9995325153109916      
1.4993577069031228       -0.9997913259969605      
