a                        b                        
1.5046880185580471       -0.9959874462916706      
1.4988616403853716       -0.9955633991392874      
1.4957782798267056       -0.9949318540753749      
1.498989745123754        -0.9963081452567754      
1.5005058024784554       -0.9957950472732622      
1.50044562940712         -0.9970094030378585      
1.5020210302669663       -0.9951319952361811      
1.4984384860971707       -0.9980265332850841      
1.5004491499084238       -0.9951041836514142      
1.4979924103230284       -0.9967927399420378      
1.4996672749392197       -0.9965651892890798      
1.4977684949353396       -0.9961546652768435      
1.4982413421641383       -0.9947707940867421      
1.5020052243643145       -0.9965373694962517      
1.5013954182378546       -0.9964803126570217      
1.499610057401498        -0.9957010999528869      
1.4997804028067012       -0.996243143090315       
1.499858191600684        -0.996211312337792       
1.4983060179332108       -0.9950654219080116      
1.4994357902263304       -0.995962603633231       
1.4987637166196992       -0.9959892193104248      
1.5017144275745269       -0.9966287433952934      
1.4898017695090118       -0.9935534213429744      
1.4976728261066332       -0.9952825433038895      
1.4992785783153801       -0.9969696455504984      
1.5000914960659462       -0.9961494610633529      
1.4963659681607655       -0.9966829833935295      
1.5019735831020409       -0.9963101169698338      
1.5008649392359454       -0.9953784482825865      
1.5006343753187148       -0.9953982530064849      
1.5015015264535483       -0.995602636334906       
1.4988624293008606       -0.9954240495849651      
1.5001124659044573       -0.997249092421964       
1.5014655394111516       -0.9961710463933996      
1.4964857207392537       -0.9945404521717021      
1.5001066563763545       -0.9951978440932419      
1.500220436923665        -0.9958158193952523      
1.497420705845989        -0.9951484953613907      
1.4992307678229926       -0.9951994771580025      
1.504126862111129        -0.9970791047811443      
1.5028289727269346       -0.9963346767731954      
1.5008364791323827       -0.9976879752179183      
1.4975837214303716       -0.9961939200767761      
1.5011988410608221       -0.9973639868169174      
1.4973758831805157       -0.9954217771735603      
1.4991542946808634       -0.9955490939310562      
1.5034704891098045       -0.9960526162638864      
1.4983824699602175       -0.995183012423556       
1.4953124194471616       -0.9942860734498749      
1.503017275915379        -0.9950173382841335      
1.4960370060281118       -0.9949010357975575      
1.5025620511762405       -0.9956533356884643      
1.5008308614948236       -0.9974196592399048      
1.502456805013959        -0.9951759821112317      
1.4940894859245744       -0.9947026311635094      
1.4973107049415209       -0.9963905626919114      
1.501530352931579        -0.998418605578804       
1.498695636437924        -0.9948001830524831      
1.4987534232173991       -0.9954074466546214      
1.4977044049034396       -0.9943628362357086      
1.4937022023027553       -0.9944282387377794      
1.4983959596839638       -0.9953645111993192      
1.494692378008668        -0.9941782467836875      
1.4976363780115995       -0.9965516304848913      
1.4952472997341426       -0.9952650733051744      
1.496820431378696        -0.9943632005036065      
1.4982627507397894       -0.9947371436598004      
1.5009015286348455       -0.9967076204410852      
1.4985593354519502       -0.9957579528764414      
1.5019733510954099       -0.9955320665107344      
1.503033623756151        -0.9965520018479381      
1.5024116261090121       -0.995960404421815       
1.498615492663512        -0.9958285793859137      
1.498935929715457        -0.99537909424405        
1.497790497646565        -0.9964481428029893      
1.5000801395450625       -0.996377053560496       
1.4933407211429877       -0.9940600429969477      
1.5006882945498836       -0.9974996065893789      
1.498213057679446        -0.9964169128009036      
1.4967663226922465       -0.9946240327138037      
1.5016739684087235       -0.9954112133321626      
1.4939770604014757       -0.9947101591242468      
1.49675285594982         -0.9962510077185281      
1.4968123980592534       -0.9946101657117803      
1.5004125915323867       -0.9954858889981811      
1.4977056982954153       -0.9950253766686888      
1.4972497338830675       -0.9963341695003738      
1.4938317723634047       -0.9954004193471309      
1.5002486529144452       -0.9964458636495735      
1.4967712488134477       -0.9953979314039897      
1.4975627285170319       -0.9958796805521879      
1.4969517164716348       -0.9952353868974397      
1.4935506093421587       -0.9939800804927981      
1.4961025054270474       -0.9943451117723914      
1.4957860584745852       -0.9944725418223431      
1.497640815500702        -0.9958913622956025      
1.5015965853725821       -0.995927616046914       
1.4964060944455204       -0.9947147233564411      
1.4978002074557064       -0.9954259538741123      
1.4905200425011211       -0.9940024133512858      
