a                        b                        
1.0072213365819307       -0.8070416885960351      
1.0293864529202694       -0.8070416885960351      
1.4994177943245917       -0.9998541186522822      
1.4999474881335557       -0.9996622593851169      
1.0293864529202694       -0.8070416885960351      
1.0072213365819307       -0.8291370665906054      
1.5001700669440994       -0.9994440650871376      
1.4992628714663654       -0.9999522251346298      
1.4994456253863258       -0.9996231969726281      
1.4995025252472327       -0.9998973086652944      
1.0072213365819307       -0.8070416885960351      
1.4999764557089934       -0.9995827678081459      
1.0293864529202694       -0.8070416885960351      
1.0072213365819307       -0.8070416885960351      
1.0072213365819307       -0.8070416885960351      
1.4998635659218371       -0.9995057880629378      
1.0293864529202694       -0.8070416885960351      
1.0072213365819307       -0.8070416885960351      
1.0072213365819307       -0.8070416885960351      
1.0293864529202694       -0.8070416885960351      
1.4997251113663082       -0.9995910782872716      
1.4994900775299538       -1.000014187178891       
1.4992413313107915       -1.0000197039163026      
1.0072213365819307       -0.8070416885960351      
1.499780662049856        -0.9998459925711147      
1.0072213365819307       -0.8070416885960351      
1.0072213365819307       -0.8070416885960351      
1.499850758672393        -0.9996491966180214      
1.4996681062779524       -0.9997328148328605      
1.0072213365819307       -0.8070416885960351      
1.0072213365819307       -0.8070416885960351      
1.4999701381265034       -0.9996542543937594      
1.4995516035022034       -1.0000374080454173      
1.0072213365819307       -0.8070416885960351      
1.4998823714172425       -0.9998787888006637      
1.4998069083588812       -0.9994356326588962      
1.4999680061987986       -0.9994498780026845      
1.0293864529202694       -0.8185976888743897      
1.0072213365819307       -0.8070416885960351      
1.0072213365819307       -0.8070416885960351      
1.4997685689080082       -0.9995549719006216      
1.4997390323855175       -0.9996380346942902      
1.5003255262945183       -0.9991092483610398      
1.0072213365819307       -0.8291370665906054      
1.0072213365819307       -0.8185976888743897      
1.0072213365819307       -0.8070416885960351      
1.4994372730828416       -0.9999942131978341      
1.0072213365819307       -0.8070416885960351      
1.0072213365819307       -0.8070416885960351      
1.5000994802147065       -0.9992867741065498      
1.0072213365819307       -0.8070416885960351      
1.4996467926117931       -0.9994881168201422      
1.5000511358148256       -0.9996476472191445      
1.4994883656498708       -0.9998732211850953      
1.917654095267411        -0.8706735074187181      
1.0072213365819307       -0.8291370665906054      
1.0072213365819307       -0.8070416885960351      
1.5003303549129736       -0.9992308908171204      
1.4996293183060614       -0.9997495362225859      
1.0293864529202694       -0.8070416885960351      
1.49964973009163         -0.9998435042401236      
1.4996412454260362       -0.9998135099705233      
1.0072213365819307       -0.8070416885960351      
1.4995814796785507       -0.9997770927384377      
1.4994043647507669       -0.9996208235708937      
1.0072213365819307       -0.8070416885960351      
1.0072213365819307       -0.8070416885960351      
1.4995732874982237       -0.9998689601458023      
1.0072213365819307       -0.8070416885960351      
1.0534446368634849       -0.8195696914033556      
1.4992504983613515       -0.9999941877551791      
1.0072213365819307       -0.8185976888743897      
1.499603499504422        -0.9995739453248493      
1.4993807235555496       -0.9999299942607212      
1.0072213365819307       -0.8070416885960351      
1.0293864529202694       -0.8070416885960351      
1.0072213365819307       -0.8070416885960351      
1.0072213365819307       -0.8070416885960351      
1.158875935593908        -0.8185976888743897      
1.4993171095805031       -0.9997240309553123      
1.0072213365819307       -0.8195696914033556      
1.0072213365819307       -0.8070416885960351      
1.9557063859619483       -0.8070416885960351      
1.4990181302332357       -1.0000608144747618      
1.0293864529202694       -0.8070416885960351      
1.499401030311438        -0.999866069976705       
1.499553223225076        -0.9998609255552643      
1.0072213365819307       -0.8185976888743897      
1.4993516797194786       -1.000019740095173       
1.0072213365819307       -0.8070416885960351      
1.0072213365819307       -0.8070416885960351      
1.4998759634013745       -0.9997113586231263      
1.4997512550246055       -0.999594483191738       
1.0293864529202694       -0.8070416885960351      
1.4999075916645093       -0.9994361700739155      
1.4999628636395412       -0.9995233735637867      
1.0072213365819307       -0.8070416885960351      
1.0072213365819307       -0.8070416885960351      
1.0072213365819307       -0.8070416885960351      
1.499369614536503        -0.9998352220461384      
